  PyCSP3 (Python:3.7.9, Path:C:\Users\HASEE\AppData\Local\Packages\PythonSoftwareFoundation.Python.3.7_qbz5n2kfra8p0\LocalCache\local-packages\Python37\site-packages\pycsp3\compiler.py)

  * Generating the file essai_cop_mod2-low-reformulate_celar_250_25_15_5_0.xml completed in     0.42 seconds.


  * Solving by Ace in progress ... 
    with command:  java -jar C:\Users\HASEE\AppData\Local\Packages\PythonSoftwareFoundation.Python.3.7_qbz5n2kfra8p0\LocalCache\local-packages\Python37\site-packages\pycsp3\solvers\abscon\ACE-21-05.jar essai_cop_mod2-low-reformulate_celar_250_25_15_5_0.xml  -v=1 -npc
  * Log file of the solver: C:\Users\HASEE\Desktop\Projet MRO\données-reformulées-cop\ACE\Low\solver_0xe094673501fa_8500_0.log

ACE (AbsCon Essence) v21.05 

  Instance essai_cop_mod2-low-reformulate_celar_250_25_15_5_0

  Loading variables...
  Loading constraints...

  Domains
    nTypes=428  nValues=23168  sizes=[40#40,41#37,42#27,43#34...49#34,50#40,51#40,52#56]
  Variables
    count=500  degrees=[3#18,4#114,5#18,6#128...16#2,17#4,21#2,23#2]
  Constraints
    count=1543  nSpecific=1543  arities=[1#2,2#1516,6#1,8#1...22#6,26#3,28#4,32#1]
    distribution=[DistEQ2#250,DistGE2#1204,NValuesCstLE#25,SubEQ2#62]
    wck=5.06  cpu=1.406  mem=13M112
  Objective
    way=min  type=ObjVarLE  bounds=14..728

  Building solver... 

  Solver
    guaranteedGAC=false
    wck=5.09  cpu=1.437  mem=11M826

  Preprocessing
    eff=378  nValues=20597  nACremovedValues=2571  inconsistency=false
    wck=0.016  cpu=1.453  mem=12M7

o 266  5.12
    run=0  dpt=210..499  eff=1826  wrg=4  wck=0.03  ngd=4  bnds=14..265
o 14  5.13
    run=1  dpt=-1..499  eff=3269  wrg=4  wck=0.05  ngd=4  bnds=14..13

  Global
    eff=3269  nogoods=4
    Stop=FULL_EXPLORATION  wrong=4  bestBound=14  bestBoundWck=5.135  bestBoundCpu=1.484  foundSolutions=2  firstSolCpu=1.468
    wck=5.13  cpu=1.484  mem=13M544


  Solution 2 in JSON format:
   {
    freq_emi: [14, 14, 14, 56, 14, 14, 14, 14, 14, 14, 14, 42, 14, 56, 98, 14, 28, 14, 28, 14, 14, 42, 14, 14, 56, 210, 56, 14, 14, 14, 14, 14, 14, 14, 14, 28, 196, 14, 56, 42, 14, 28, 56, 42, 56, 14, 14, 112, 14, 70, 14, 84, 224, 210, 14, 70, 14, 14, 126, 14, 84, 14, 14, 70, 56, 98, 14, 112, 28, 70, 14, 14, 98, 14, 42, 112, 126, 14, 56, 70, 42, 42, 70, 14, 56, 98, 42, 14, 14, 28, 56, 406, 84, 14, 224, 14, 14, 14, 70, 84, 56, 14, 98, 70, 84, 112, 56, 14, 14, 56, 112, 84, 140, 56, 84, 126, 196, 56, 112, 14, 70, 70, 14, 224, 56, 588, 112, 14, 14, 14, 126, 70, 112, 14, 14, 98, 126, 56, 112, 84, 14, 14, 70, 238, 84, 84, 14, 14, 98, 14, 294, 70, 70, 14, 42, 224, 336, 56, 112, 98, 70, 56, 14, 154, 112, 84, 140, 112, 14, 196, 14, 70, 70, 336, 98, 238, 322, 84, 112, 70, 14, 14, 56, 14, 196, 84, 28, 14, 98, 56, 588, 98, 322, 14, 280, 14, 112, 42, 98, 14, 294, 224, 168, 588, 140, 112, 294, 56, 154, 70, 84, 70, 140, 84, 336, 14, 70, 238, 14, 42, 266, 14, 518, 238, 70, 84, 70, 14, 126, 42, 98, 252, 14, 14, 98, 140, 378, 14, 14, 84, 140, 42, 14, 84, 266, 14, 14, 84, 42, 196],
    freq_rec: [196, 196, 196, 238, 196, 196, 196, 196, 196, 196, 196, 224, 196, 238, 280, 196, 210, 196, 210, 196, 196, 224, 196, 196, 238, 28, 238, 196, 196, 196, 196, 196, 196, 196, 196, 210, 14, 196, 238, 224, 196, 210, 238, 224, 238, 196, 196, 294, 196, 252, 196, 266, 42, 28, 196, 252, 196, 196, 308, 196, 266, 196, 196, 252, 238, 280, 196, 294, 210, 252, 196, 196, 280, 196, 224, 294, 308, 196, 238, 252, 224, 224, 252, 196, 238, 280, 224, 196, 196, 210, 238, 588, 266, 196, 42, 196, 196, 196, 252, 266, 238, 196, 280, 252, 266, 294, 238, 196, 196, 238, 294, 266, 322, 238, 266, 308, 14, 238, 294, 196, 252, 252, 196, 42, 238, 406, 294, 196, 196, 196, 308, 252, 294, 196, 196, 280, 308, 238, 294, 266, 196, 196, 252, 56, 266, 266, 196, 196, 280, 196, 112, 252, 252, 196, 224, 42, 518, 238, 294, 280, 252, 238, 196, 336, 294, 266, 322, 294, 196, 14, 196, 252, 252, 518, 280, 56, 140, 266, 294, 252, 196, 196, 238, 196, 14, 266, 210, 196, 280, 238, 406, 280, 140, 196, 98, 196, 294, 224, 280, 196, 112, 42, 350, 406, 322, 294, 112, 238, 336, 252, 266, 252, 322, 266, 518, 196, 252, 56, 196, 224, 84, 196, 336, 56, 252, 266, 252, 196, 308, 224, 280, 70, 196, 196, 280, 322, 560, 196, 196, 266, 322, 224, 196, 266, 84, 196, 196, 266, 224, 14]
   }

s OPTIMUM FOUND

v <instantiation id='sol2' type='solution' cost='14'> <list> freq_emi[] freq_rec[] </list> <values> 14x3 56 14x7 42 14 56 98 14 28 14 28 14x2 42 14x2 56 210 56 14x8 28 196 14 56 42 14 28 56 42 56 14x2 112 14 70 14 84 224 210 14 70 14x2 126 14 84 14x2 70 56 98 14 112 28 70 14x2 98 14 42 112 126 14 56 70 42x2 70 14 56 98 42 14x2 28 56 406 84 14 224 14x3 70 84 56 14 98 70 84 112 56 14x2 56 112 84 140 56 84 126 196 56 112 14 70x2 14 224 56 588 112 14x3 126 70 112 14x2 98 126 56 112 84 14x2 70 238 84x2 14x2 98 14 294 70x2 14 42 224 336 56 112 98 70 56 14 154 112 84 140 112 14 196 14 70x2 336 98 238 322 84 112 70 14x2 56 14 196 84 28 14 98 56 588 98 322 14 280 14 112 42 98 14 294 224 168 588 140 112 294 56 154 70 84 70 140 84 336 14 70 238 14 42 266 14 518 238 70 84 70 14 126 42 98 252 14x2 98 140 378 14x2 84 140 42 14 84 266 14x2 84 42 196x4 238 196x7 224 196 238 280 196 210 196 210 196x2 224 196x2 238 28 238 196x8 210 14 196 238 224 196 210 238 224 238 196x2 294 196 252 196 266 42 28 196 252 196x2 308 196 266 196x2 252 238 280 196 294 210 252 196x2 280 196 224 294 308 196 238 252 224x2 252 196 238 280 224 196x2 210 238 588 266 196 42 196x3 252 266 238 196 280 252 266 294 238 196x2 238 294 266 322 238 266 308 14 238 294 196 252x2 196 42 238 406 294 196x3 308 252 294 196x2 280 308 238 294 266 196x2 252 56 266x2 196x2 280 196 112 252x2 196 224 42 518 238 294 280 252 238 196 336 294 266 322 294 196 14 196 252x2 518 280 56 140 266 294 252 196x2 238 196 14 266 210 196 280 238 406 280 140 196 98 196 294 224 280 196 112 42 350 406 322 294 112 238 336 252 266 252 322 266 518 196 252 56 196 224 84 196 336 56 252 266 252 196 308 224 280 70 196x2 280 322 560 196x2 266 322 224 196 266 84 196x2 266 224 14 </values> </instantiation>

d WRONG DECISIONS 4
d NUMBER OF SOLUTIONS 2
d BOUND 14
d COMPLETE EXPLORATION

c real time : 1.5

  * Solved by Ace in     6.07 seconds

  NB: use the solver option v, as in -solver=[choco,v] or -solver=[ace,v] to see directly the output of the solver.

<instantiation type="solution optimal" cost="14">
  <list> freq_emi[] freq_rec[] </list>
  <values> 14x3 56 14x7 42 14 56 98 14 28 14 28 14x2 42 14x2 56 210 56 14x8 28 196 14 56 42 14 28 56 42 56 14x2 112 14 70 14 84 224 210 14 70 14x2 126 14 84 14x2 70 56 98 14 112 28 70 14x2 98 14 42 112 126 14 56 70 42x2 70 14 56 98 42 14x2 28 56 406 84 14 224 14x3 70 84 56 14 98 70 84 112 56 14x2 56 112 84 140 56 84 126 196 56 112 14 70x2 14 224 56 588 112 14x3 126 70 112 14x2 98 126 56 112 84 14x2 70 238 84x2 14x2 98 14 294 70x2 14 42 224 336 56 112 98 70 56 14 154 112 84 140 112 14 196 14 70x2 336 98 238 322 84 112 70 14x2 56 14 196 84 28 14 98 56 588 98 322 14 280 14 112 42 98 14 294 224 168 588 140 112 294 56 154 70 84 70 140 84 336 14 70 238 14 42 266 14 518 238 70 84 70 14 126 42 98 252 14x2 98 140 378 14x2 84 140 42 14 84 266 14x2 84 42 196x4 238 196x7 224 196 238 280 196 210 196 210 196x2 224 196x2 238 28 238 196x8 210 14 196 238 224 196 210 238 224 238 196x2 294 196 252 196 266 42 28 196 252 196x2 308 196 266 196x2 252 238 280 196 294 210 252 196x2 280 196 224 294 308 196 238 252 224x2 252 196 238 280 224 196x2 210 238 588 266 196 42 196x3 252 266 238 196 280 252 266 294 238 196x2 238 294 266 322 238 266 308 14 238 294 196 252x2 196 42 238 406 294 196x3 308 252 294 196x2 280 308 238 294 266 196x2 252 56 266x2 196x2 280 196 112 252x2 196 224 42 518 238 294 280 252 238 196 336 294 266 322 294 196 14 196 252x2 518 280 56 140 266 294 252 196x2 238 196 14 266 210 196 280 238 406 280 140 196 98 196 294 224 280 196 112 42 350 406 322 294 112 238 336 252 266 252 322 266 518 196 252 56 196 224 84 196 336 56 252 266 252 196 308 224 280 70 196x2 280 322 560 196x2 266 322 224 196 266 84 196x2 266 224 14 </values>
</instantiation>
