  PyCSP3 (Python:3.7.9, Path:C:\Users\HASEE\AppData\Local\Packages\PythonSoftwareFoundation.Python.3.7_qbz5n2kfra8p0\LocalCache\local-packages\Python37\site-packages\pycsp3\compiler.py)

  * Generating the file essai_cop_mod2-low-reformulate_celar_250_25_15_5_0.xml completed in     0.41 seconds.


  * Solving by Ace in progress ... 
    with command:  java -jar C:\Users\HASEE\AppData\Local\Packages\PythonSoftwareFoundation.Python.3.7_qbz5n2kfra8p0\LocalCache\local-packages\Python37\site-packages\pycsp3\solvers\abscon\ACE-21-05.jar essai_cop_mod2-low-reformulate_celar_250_25_15_5_0.xml  -v=1 -npc
  * Log file of the solver: C:\Users\HASEE\Desktop\Projet MRO\données-reformulées-cop\ACE\Low\solver_0xe094673501fa_4644_0.log

ACE (AbsCon Essence) v21.05 

  Instance essai_cop_mod2-low-reformulate_celar_250_25_15_5_0

  Loading variables...
  Loading constraints...

  Domains
    nTypes=452  nValues=22985  sizes=[40#35,41#50,42#31,43#39...49#38,50#38,51#42,52#35]
  Variables
    count=500  degrees=[3#10,4#126,5#30,6#96...16#6,18#2,25#2,38#2]
  Constraints
    count=1603  nSpecific=1603  arities=[1#2,2#1576,4#1,8#1...24#3,26#5,30#2,32#1]
    distribution=[DistEQ2#250,DistGE2#1260,NValuesCstLE#25,SubEQ2#66]
    wck=5.03  cpu=1.296  mem=11M864
  Objective
    way=min  type=ObjVarLE  bounds=14..728

  Building solver... 

  Solver
    guaranteedGAC=false
    wck=5.08  cpu=1.343  mem=10M915

  Preprocessing
    eff=373  nValues=19217  nACremovedValues=3768  inconsistency=false
    wck=0.009  cpu=1.359  mem=11M96

o 336  5.11
    run=0  dpt=-1..499  eff=1987  wrg=0  wck=0.03  bnds=14..335
o 14  5.11
    run=1  dpt=-1..499  eff=3605  wrg=0  wck=0.03  bnds=14..13

  Global
    eff=3605
    Stop=FULL_EXPLORATION  wrong=0  bestBound=14  bestBoundWck=5.111  bestBoundCpu=1.375  foundSolutions=2  firstSolCpu=1.375
    wck=5.11  cpu=1.375  mem=12M636


  Solution 2 in JSON format:
   {
    freq_emi: [14, 14, 56, 14, 14, 14, 14, 14, 14, 112, 14, 14, 70, 14, 70, 112, 14, 14, 70, 28, 14, 14, 14, 14, 56, 28, 56, 14, 56, 14, 56, 42, 28, 14, 28, 14, 14, 168, 14, 14, 28, 14, 14, 14, 28, 14, 14, 14, 14, 14, 434, 434, 70, 84, 70, 56, 28, 14, 14, 14, 70, 14, 42, 14, 56, 28, 42, 14, 42, 336, 28, 350, 126, 56, 112, 28, 378, 70, 224, 336, 112, 14, 84, 56, 14, 14, 42, 154, 126, 56, 42, 98, 350, 84, 14, 14, 56, 14, 140, 14, 98, 14, 42, 210, 336, 56, 392, 14, 14, 98, 98, 42, 56, 14, 154, 70, 70, 14, 126, 70, 196, 98, 14, 14, 84, 70, 56, 70, 28, 56, 56, 56, 42, 56, 140, 546, 140, 42, 14, 56, 42, 14, 126, 70, 56, 336, 42, 14, 28, 42, 14, 378, 42, 112, 84, 14, 42, 406, 14, 42, 476, 14, 56, 112, 28, 56, 14, 70, 112, 98, 14, 434, 98, 532, 14, 70, 56, 434, 168, 98, 42, 168, 56, 112, 56, 126, 350, 378, 112, 126, 140, 378, 434, 14, 168, 224, 126, 14, 42, 42, 56, 490, 434, 112, 70, 154, 84, 56, 14, 126, 126, 56, 56, 84, 14, 154, 126, 112, 364, 70, 154, 126, 14, 112, 28, 14, 126, 196, 56, 112, 14, 14, 476, 70, 56, 42, 126, 14, 336, 406, 14, 70, 448, 518, 126, 56, 98, 28, 14, 336],
    freq_rec: [336, 336, 378, 336, 336, 336, 336, 336, 336, 434, 336, 336, 392, 336, 392, 434, 336, 336, 392, 350, 336, 336, 336, 336, 378, 350, 378, 336, 378, 336, 378, 364, 350, 336, 350, 336, 336, 490, 336, 336, 350, 336, 336, 336, 350, 336, 336, 336, 336, 336, 112, 112, 392, 406, 392, 378, 350, 336, 336, 336, 392, 336, 364, 336, 378, 350, 364, 336, 364, 14, 350, 28, 448, 378, 434, 350, 56, 392, 546, 14, 434, 336, 406, 378, 336, 336, 364, 476, 448, 378, 364, 420, 28, 406, 336, 336, 378, 336, 462, 336, 420, 336, 364, 532, 14, 378, 70, 336, 336, 420, 420, 364, 378, 336, 476, 392, 392, 336, 448, 392, 518, 420, 336, 336, 406, 392, 378, 392, 350, 378, 378, 378, 364, 378, 462, 224, 462, 364, 336, 378, 364, 336, 448, 392, 378, 14, 364, 336, 350, 364, 336, 56, 364, 434, 406, 336, 364, 84, 336, 364, 154, 336, 378, 434, 350, 378, 336, 392, 434, 420, 336, 112, 420, 210, 336, 392, 378, 112, 490, 420, 364, 490, 378, 434, 378, 448, 28, 56, 434, 448, 462, 56, 112, 336, 490, 546, 448, 336, 364, 364, 378, 168, 112, 434, 392, 476, 406, 378, 336, 448, 448, 378, 378, 406, 336, 476, 448, 434, 42, 392, 476, 448, 336, 434, 350, 336, 448, 518, 378, 434, 336, 336, 154, 392, 378, 364, 448, 336, 14, 84, 336, 392, 126, 196, 448, 378, 420, 350, 336, 14]
   }

s OPTIMUM FOUND

v <instantiation id='sol2' type='solution' cost='14'> <list> freq_emi[] freq_rec[] </list> <values> 14x2 56 14x6 112 14x2 70 14 70 112 14x2 70 28 14x4 56 28 56 14 56 14 56 42 28 14 28 14x2 168 14x2 28 14x3 28 14x5 434x2 70 84 70 56 28 14x3 70 14 42 14 56 28 42 14 42 336 28 350 126 56 112 28 378 70 224 336 112 14 84 56 14x2 42 154 126 56 42 98 350 84 14x2 56 14 140 14 98 14 42 210 336 56 392 14x2 98x2 42 56 14 154 70x2 14 126 70 196 98 14x2 84 70 56 70 28 56x3 42 56 140 546 140 42 14 56 42 14 126 70 56 336 42 14 28 42 14 378 42 112 84 14 42 406 14 42 476 14 56 112 28 56 14 70 112 98 14 434 98 532 14 70 56 434 168 98 42 168 56 112 56 126 350 378 112 126 140 378 434 14 168 224 126 14 42x2 56 490 434 112 70 154 84 56 14 126x2 56x2 84 14 154 126 112 364 70 154 126 14 112 28 14 126 196 56 112 14x2 476 70 56 42 126 14 336 406 14 70 448 518 126 56 98 28 14 336x3 378 336x6 434 336x2 392 336 392 434 336x2 392 350 336x4 378 350 378 336 378 336 378 364 350 336 350 336x2 490 336x2 350 336x3 350 336x5 112x2 392 406 392 378 350 336x3 392 336 364 336 378 350 364 336 364 14 350 28 448 378 434 350 56 392 546 14 434 336 406 378 336x2 364 476 448 378 364 420 28 406 336x2 378 336 462 336 420 336 364 532 14 378 70 336x2 420x2 364 378 336 476 392x2 336 448 392 518 420 336x2 406 392 378 392 350 378x3 364 378 462 224 462 364 336 378 364 336 448 392 378 14 364 336 350 364 336 56 364 434 406 336 364 84 336 364 154 336 378 434 350 378 336 392 434 420 336 112 420 210 336 392 378 112 490 420 364 490 378 434 378 448 28 56 434 448 462 56 112 336 490 546 448 336 364x2 378 168 112 434 392 476 406 378 336 448x2 378x2 406 336 476 448 434 42 392 476 448 336 434 350 336 448 518 378 434 336x2 154 392 378 364 448 336 14 84 336 392 126 196 448 378 420 350 336 14 </values> </instantiation>

d WRONG DECISIONS 0
d NUMBER OF SOLUTIONS 2
d BOUND 14
d COMPLETE EXPLORATION

c real time : 1.39

  * Solved by Ace in     6.05 seconds

  NB: use the solver option v, as in -solver=[choco,v] or -solver=[ace,v] to see directly the output of the solver.

<instantiation type="solution optimal" cost="14">
  <list> freq_emi[] freq_rec[] </list>
  <values> 14x2 56 14x6 112 14x2 70 14 70 112 14x2 70 28 14x4 56 28 56 14 56 14 56 42 28 14 28 14x2 168 14x2 28 14x3 28 14x5 434x2 70 84 70 56 28 14x3 70 14 42 14 56 28 42 14 42 336 28 350 126 56 112 28 378 70 224 336 112 14 84 56 14x2 42 154 126 56 42 98 350 84 14x2 56 14 140 14 98 14 42 210 336 56 392 14x2 98x2 42 56 14 154 70x2 14 126 70 196 98 14x2 84 70 56 70 28 56x3 42 56 140 546 140 42 14 56 42 14 126 70 56 336 42 14 28 42 14 378 42 112 84 14 42 406 14 42 476 14 56 112 28 56 14 70 112 98 14 434 98 532 14 70 56 434 168 98 42 168 56 112 56 126 350 378 112 126 140 378 434 14 168 224 126 14 42x2 56 490 434 112 70 154 84 56 14 126x2 56x2 84 14 154 126 112 364 70 154 126 14 112 28 14 126 196 56 112 14x2 476 70 56 42 126 14 336 406 14 70 448 518 126 56 98 28 14 336x3 378 336x6 434 336x2 392 336 392 434 336x2 392 350 336x4 378 350 378 336 378 336 378 364 350 336 350 336x2 490 336x2 350 336x3 350 336x5 112x2 392 406 392 378 350 336x3 392 336 364 336 378 350 364 336 364 14 350 28 448 378 434 350 56 392 546 14 434 336 406 378 336x2 364 476 448 378 364 420 28 406 336x2 378 336 462 336 420 336 364 532 14 378 70 336x2 420x2 364 378 336 476 392x2 336 448 392 518 420 336x2 406 392 378 392 350 378x3 364 378 462 224 462 364 336 378 364 336 448 392 378 14 364 336 350 364 336 56 364 434 406 336 364 84 336 364 154 336 378 434 350 378 336 392 434 420 336 112 420 210 336 392 378 112 490 420 364 490 378 434 378 448 28 56 434 448 462 56 112 336 490 546 448 336 364x2 378 168 112 434 392 476 406 378 336 448x2 378x2 406 336 476 448 434 42 392 476 448 336 434 350 336 448 518 378 434 336x2 154 392 378 364 448 336 14 84 336 392 126 196 448 378 420 350 336 14 </values>
</instantiation>
