  PyCSP3 (Python:3.7.9, Path:C:\Users\HASEE\AppData\Local\Packages\PythonSoftwareFoundation.Python.3.7_qbz5n2kfra8p0\LocalCache\local-packages\Python37\site-packages\pycsp3\compiler.py)

  * Generating the file essai_cop_mod2-low-reformulate_celar_500_30_20_5_0.xml completed in     0.91 seconds.


  * Solving by Ace in progress ... 
    with command:  java -jar C:\Users\HASEE\AppData\Local\Packages\PythonSoftwareFoundation.Python.3.7_qbz5n2kfra8p0\LocalCache\local-packages\Python37\site-packages\pycsp3\solvers\abscon\ACE-21-05.jar essai_cop_mod2-low-reformulate_celar_500_30_20_5_0.xml  -v=1 -npc
  * Log file of the solver: C:\Users\HASEE\Desktop\Projet MRO\données-reformulées-cop\ACE\Low\solver_0xe094673501fa_10652_0.log

ACE (AbsCon Essence) v21.05 

  Instance essai_cop_mod2-low-reformulate_celar_500_30_20_5_0

  Loading variables...
  Loading constraints...

  Domains
    nTypes=876  nValues=45945  sizes=[40#75,41#91,42#72,43#70...49#68,50#63,51#76,52#85]
  Variables
    count=1000  degrees=[3#30,4#235,5#36,6#195...18#6,19#2,20#6,21#4]
  Constraints
    count=3254  nSpecific=3254  arities=[1#2,2#3222,20#1,22#3...36#5,38#5,40#2,42#3]
    distribution=[DistEQ2#500,DistGE2#2600,NValuesCstLE#30,SubEQ2#122]
    wck=5.41  cpu=1.625  mem=14M720
  Objective
    way=min  type=ObjVarLE  bounds=14..728

  Building solver... 

  Solver
    guaranteedGAC=false
    wck=5.46  cpu=1.656  mem=13M709

  Preprocessing
    eff=754  nValues=40609  nACremovedValues=5336  inconsistency=false
    wck=0.016  cpu=1.671  mem=13M961

o 224  5.52
    run=0  dpt=-1..999  eff=3848  wrg=0  wck=0.06  bnds=14..223
o 28  5.57
    run=1  dpt=-1..999  eff=6938  wrg=0  wck=0.11  bnds=14..27
    run=2  dpt=-1..999  eff=6939  wrg=0  wck=0.11  bnds=28..27

  Global
    eff=6939
    Stop=FULL_EXPLORATION  wrong=0  bestBound=28  bestBoundWck=5.566  bestBoundCpu=1.765  foundSolutions=2  firstSolCpu=1.718
    wck=5.57  cpu=1.765  mem=17M367


  Solution 2 in JSON format:
   {
    freq_emi: [14, 14, 28, 14, 14, 14, 14, 56, 14, 14, 14, 14, 14, 14, 14, 28, 28, 14, 56, 28, 42, 28, 28, 210, 14, 70, 42, 14, 14, 14, 14, 14, 28, 14, 14, 14, 14, 28, 14, 42, 14, 14, 196, 14, 14, 14, 14, 14, 14, 14, 28, 14, 14, 14, 84, 70, 14, 14, 14, 98, 28, 28, 238, 14, 14, 14, 14, 98, 70, 70, 56, 14, 56, 14, 14, 70, 70, 70, 70, 112, 210, 14, 14, 14, 14, 28, 98, 14, 112, 14, 14, 14, 70, 28, 140, 42, 14, 14, 28, 140, 42, 126, 42, 28, 56, 28, 70, 14, 14, 28, 168, 56, 14, 70, 14, 14, 70, 98, 14, 14, 70, 70, 14, 42, 70, 14, 84, 14, 56, 70, 28, 56, 14, 14, 42, 98, 14, 126, 14, 14, 42, 28, 28, 56, 84, 98, 224, 14, 56, 126, 28, 70, 42, 98, 196, 14, 14, 14, 14, 56, 56, 14, 14, 14, 84, 84, 84, 70, 56, 252, 84, 252, 70, 28, 14, 210, 210, 14, 140, 56, 14, 14, 42, 14, 14, 42, 14, 14, 84, 42, 14, 70, 14, 28, 70, 112, 70, 56, 70, 336, 336, 56, 308, 14, 56, 140, 14, 14, 28, 280, 14, 56, 98, 420, 154, 98, 112, 196, 14, 14, 84, 14, 14, 126, 28, 14, 14, 28, 14, 98, 70, 224, 70, 98, 14, 140, 14, 14, 84, 196, 42, 14, 56, 84, 56, 98, 112, 14, 98, 98, 14, 14, 196, 56, 196, 84, 14, 28, 28, 14, 70, 56, 14, 294, 14, 112, 98, 112, 56, 112, 42, 98, 98, 28, 336, 84, 322, 28, 98, 70, 168, 98, 224, 70, 196, 336, 42, 14, 126, 28, 126, 98, 112, 42, 154, 14, 84, 350, 126, 14, 42, 14, 168, 70, 14, 84, 56, 392, 84, 42, 112, 70, 266, 70, 56, 140, 112, 14, 42, 126, 56, 70, 28, 280, 98, 14, 84, 70, 154, 126, 364, 84, 70, 14, 14, 14, 28, 70, 14, 294, 168, 196, 280, 112, 70, 42, 70, 14, 364, 210, 196, 84, 14, 70, 224, 252, 56, 350, 14, 140, 70, 56, 196, 252, 112, 126, 14, 154, 140, 154, 42, 308, 28, 294, 14, 56, 112, 336, 98, 126, 56, 14, 126, 28, 84, 98, 42, 322, 14, 56, 70, 602, 14, 252, 14, 406, 56, 140, 518, 322, 14, 14, 70, 14, 14, 280, 280, 84, 14, 406, 42, 98, 126, 14, 14, 98, 84, 28, 84, 70, 14, 112, 252, 70, 84, 70, 112, 56, 140, 14, 280, 140, 84, 126, 294, 14, 70, 392, 392, 14, 14, 196, 70, 84, 280, 112, 98, 140, 84, 14, 56, 70, 28, 294, 70, 350, 322, 84, 70, 112, 266, 84, 84, 14, 126, 588, 196, 42, 392, 14, 14, 336, 70, 56, 434, 308, 14, 14, 154, 140, 84, 140, 112, 126, 56, 154, 70, 14, 210, 70, 392, 126, 56, 56, 70, 126, 14, 56, 56, 210],
    freq_rec: [196, 196, 210, 196, 196, 196, 196, 238, 196, 196, 196, 196, 196, 196, 196, 210, 210, 196, 238, 210, 224, 210, 210, 28, 196, 252, 224, 196, 196, 196, 196, 196, 210, 196, 196, 196, 196, 210, 196, 224, 196, 196, 14, 196, 196, 196, 196, 196, 196, 196, 210, 196, 196, 196, 266, 252, 196, 196, 196, 280, 210, 210, 56, 196, 196, 196, 196, 280, 252, 252, 238, 196, 238, 196, 196, 252, 252, 252, 252, 294, 28, 196, 196, 196, 196, 210, 280, 196, 294, 196, 196, 196, 252, 210, 322, 224, 196, 196, 210, 322, 224, 308, 224, 210, 238, 210, 252, 196, 196, 210, 350, 238, 196, 252, 196, 196, 252, 280, 196, 196, 252, 252, 196, 224, 252, 196, 266, 196, 238, 252, 210, 238, 196, 196, 224, 280, 196, 308, 196, 196, 224, 210, 210, 238, 266, 280, 42, 196, 238, 308, 210, 252, 224, 280, 14, 196, 196, 196, 196, 238, 238, 196, 196, 196, 266, 266, 266, 252, 238, 70, 266, 70, 252, 210, 196, 28, 28, 196, 322, 238, 196, 196, 224, 196, 196, 224, 196, 196, 266, 224, 196, 252, 196, 210, 252, 294, 252, 238, 252, 518, 154, 238, 126, 196, 238, 322, 196, 196, 210, 98, 196, 238, 280, 602, 336, 280, 294, 14, 196, 196, 266, 196, 196, 308, 210, 196, 196, 210, 196, 280, 252, 42, 252, 280, 196, 322, 196, 196, 266, 14, 224, 196, 238, 266, 238, 280, 294, 196, 280, 280, 196, 196, 14, 238, 14, 266, 196, 210, 210, 196, 252, 238, 196, 112, 196, 294, 280, 294, 238, 294, 224, 280, 280, 210, 518, 266, 140, 210, 280, 252, 350, 280, 42, 252, 14, 154, 224, 196, 308, 210, 308, 280, 294, 224, 336, 196, 266, 532, 308, 196, 224, 196, 350, 252, 196, 266, 238, 574, 266, 224, 294, 252, 84, 252, 238, 322, 294, 196, 224, 308, 238, 252, 210, 98, 280, 196, 266, 252, 336, 308, 546, 266, 252, 196, 196, 196, 210, 252, 196, 112, 350, 14, 98, 294, 252, 224, 252, 196, 546, 28, 14, 266, 196, 252, 42, 70, 238, 532, 196, 322, 252, 238, 14, 70, 294, 308, 196, 336, 322, 336, 224, 126, 210, 112, 196, 238, 294, 518, 280, 308, 238, 196, 308, 210, 266, 280, 224, 140, 196, 238, 252, 420, 196, 70, 196, 588, 238, 322, 336, 140, 196, 196, 252, 196, 196, 98, 98, 266, 196, 588, 224, 280, 308, 196, 196, 280, 266, 210, 266, 252, 196, 294, 70, 252, 266, 252, 294, 238, 322, 196, 98, 322, 266, 308, 112, 196, 252, 574, 574, 196, 196, 14, 252, 266, 98, 294, 280, 322, 266, 196, 238, 252, 210, 112, 252, 168, 140, 266, 252, 294, 84, 266, 266, 196, 308, 406, 14, 224, 574, 196, 196, 154, 252, 238, 616, 126, 196, 196, 336, 322, 266, 322, 294, 308, 238, 336, 252, 196, 28, 252, 574, 308, 238, 238, 252, 308, 196, 238, 238, 28]
   }

s OPTIMUM FOUND

v <instantiation id='sol2' type='solution' cost='28'> <list> freq_emi[] freq_rec[] </list> <values> 14x2 28 14x4 56 14x7 28x2 14 56 28 42 28x2 210 14 70 42 14x5 28 14x4 28 14 42 14x2 196 14x7 28 14x3 84 70 14x3 98 28x2 238 14x4 98 70x2 56 14 56 14x2 70x4 112 210 14x4 28 98 14 112 14x3 70 28 140 42 14x2 28 140 42 126 42 28 56 28 70 14x2 28 168 56 14 70 14x2 70 98 14x2 70x2 14 42 70 14 84 14 56 70 28 56 14x2 42 98 14 126 14x2 42 28x2 56 84 98 224 14 56 126 28 70 42 98 196 14x4 56x2 14x3 84x3 70 56 252 84 252 70 28 14 210x2 14 140 56 14x2 42 14x2 42 14x2 84 42 14 70 14 28 70 112 70 56 70 336x2 56 308 14 56 140 14x2 28 280 14 56 98 420 154 98 112 196 14x2 84 14x2 126 28 14x2 28 14 98 70 224 70 98 14 140 14x2 84 196 42 14 56 84 56 98 112 14 98x2 14x2 196 56 196 84 14 28x2 14 70 56 14 294 14 112 98 112 56 112 42 98x2 28 336 84 322 28 98 70 168 98 224 70 196 336 42 14 126 28 126 98 112 42 154 14 84 350 126 14 42 14 168 70 14 84 56 392 84 42 112 70 266 70 56 140 112 14 42 126 56 70 28 280 98 14 84 70 154 126 364 84 70 14x3 28 70 14 294 168 196 280 112 70 42 70 14 364 210 196 84 14 70 224 252 56 350 14 140 70 56 196 252 112 126 14 154 140 154 42 308 28 294 14 56 112 336 98 126 56 14 126 28 84 98 42 322 14 56 70 602 14 252 14 406 56 140 518 322 14x2 70 14x2 280x2 84 14 406 42 98 126 14x2 98 84 28 84 70 14 112 252 70 84 70 112 56 140 14 280 140 84 126 294 14 70 392x2 14x2 196 70 84 280 112 98 140 84 14 56 70 28 294 70 350 322 84 70 112 266 84x2 14 126 588 196 42 392 14x2 336 70 56 434 308 14x2 154 140 84 140 112 126 56 154 70 14 210 70 392 126 56x2 70 126 14 56x2 210 196x2 210 196x4 238 196x7 210x2 196 238 210 224 210x2 28 196 252 224 196x5 210 196x4 210 196 224 196x2 14 196x7 210 196x3 266 252 196x3 280 210x2 56 196x4 280 252x2 238 196 238 196x2 252x4 294 28 196x4 210 280 196 294 196x3 252 210 322 224 196x2 210 322 224 308 224 210 238 210 252 196x2 210 350 238 196 252 196x2 252 280 196x2 252x2 196 224 252 196 266 196 238 252 210 238 196x2 224 280 196 308 196x2 224 210x2 238 266 280 42 196 238 308 210 252 224 280 14 196x4 238x2 196x3 266x3 252 238 70 266 70 252 210 196 28x2 196 322 238 196x2 224 196x2 224 196x2 266 224 196 252 196 210 252 294 252 238 252 518 154 238 126 196 238 322 196x2 210 98 196 238 280 602 336 280 294 14 196x2 266 196x2 308 210 196x2 210 196 280 252 42 252 280 196 322 196x2 266 14 224 196 238 266 238 280 294 196 280x2 196x2 14 238 14 266 196 210x2 196 252 238 196 112 196 294 280 294 238 294 224 280x2 210 518 266 140 210 280 252 350 280 42 252 14 154 224 196 308 210 308 280 294 224 336 196 266 532 308 196 224 196 350 252 196 266 238 574 266 224 294 252 84 252 238 322 294 196 224 308 238 252 210 98 280 196 266 252 336 308 546 266 252 196x3 210 252 196 112 350 14 98 294 252 224 252 196 546 28 14 266 196 252 42 70 238 532 196 322 252 238 14 70 294 308 196 336 322 336 224 126 210 112 196 238 294 518 280 308 238 196 308 210 266 280 224 140 196 238 252 420 196 70 196 588 238 322 336 140 196x2 252 196x2 98x2 266 196 588 224 280 308 196x2 280 266 210 266 252 196 294 70 252 266 252 294 238 322 196 98 322 266 308 112 196 252 574x2 196x2 14 252 266 98 294 280 322 266 196 238 252 210 112 252 168 140 266 252 294 84 266x2 196 308 406 14 224 574 196x2 154 252 238 616 126 196x2 336 322 266 322 294 308 238 336 252 196 28 252 574 308 238x2 252 308 196 238x2 28 </values> </instantiation>

d WRONG DECISIONS 0
d NUMBER OF SOLUTIONS 2
d BOUND 28
d COMPLETE EXPLORATION

c real time : 1.765

  * Solved by Ace in     6.56 seconds

  NB: use the solver option v, as in -solver=[choco,v] or -solver=[ace,v] to see directly the output of the solver.

<instantiation type="solution optimal" cost="28">
  <list> freq_emi[] freq_rec[] </list>
  <values> 14x2 28 14x4 56 14x7 28x2 14 56 28 42 28x2 210 14 70 42 14x5 28 14x4 28 14 42 14x2 196 14x7 28 14x3 84 70 14x3 98 28x2 238 14x4 98 70x2 56 14 56 14x2 70x4 112 210 14x4 28 98 14 112 14x3 70 28 140 42 14x2 28 140 42 126 42 28 56 28 70 14x2 28 168 56 14 70 14x2 70 98 14x2 70x2 14 42 70 14 84 14 56 70 28 56 14x2 42 98 14 126 14x2 42 28x2 56 84 98 224 14 56 126 28 70 42 98 196 14x4 56x2 14x3 84x3 70 56 252 84 252 70 28 14 210x2 14 140 56 14x2 42 14x2 42 14x2 84 42 14 70 14 28 70 112 70 56 70 336x2 56 308 14 56 140 14x2 28 280 14 56 98 420 154 98 112 196 14x2 84 14x2 126 28 14x2 28 14 98 70 224 70 98 14 140 14x2 84 196 42 14 56 84 56 98 112 14 98x2 14x2 196 56 196 84 14 28x2 14 70 56 14 294 14 112 98 112 56 112 42 98x2 28 336 84 322 28 98 70 168 98 224 70 196 336 42 14 126 28 126 98 112 42 154 14 84 350 126 14 42 14 168 70 14 84 56 392 84 42 112 70 266 70 56 140 112 14 42 126 56 70 28 280 98 14 84 70 154 126 364 84 70 14x3 28 70 14 294 168 196 280 112 70 42 70 14 364 210 196 84 14 70 224 252 56 350 14 140 70 56 196 252 112 126 14 154 140 154 42 308 28 294 14 56 112 336 98 126 56 14 126 28 84 98 42 322 14 56 70 602 14 252 14 406 56 140 518 322 14x2 70 14x2 280x2 84 14 406 42 98 126 14x2 98 84 28 84 70 14 112 252 70 84 70 112 56 140 14 280 140 84 126 294 14 70 392x2 14x2 196 70 84 280 112 98 140 84 14 56 70 28 294 70 350 322 84 70 112 266 84x2 14 126 588 196 42 392 14x2 336 70 56 434 308 14x2 154 140 84 140 112 126 56 154 70 14 210 70 392 126 56x2 70 126 14 56x2 210 196x2 210 196x4 238 196x7 210x2 196 238 210 224 210x2 28 196 252 224 196x5 210 196x4 210 196 224 196x2 14 196x7 210 196x3 266 252 196x3 280 210x2 56 196x4 280 252x2 238 196 238 196x2 252x4 294 28 196x4 210 280 196 294 196x3 252 210 322 224 196x2 210 322 224 308 224 210 238 210 252 196x2 210 350 238 196 252 196x2 252 280 196x2 252x2 196 224 252 196 266 196 238 252 210 238 196x2 224 280 196 308 196x2 224 210x2 238 266 280 42 196 238 308 210 252 224 280 14 196x4 238x2 196x3 266x3 252 238 70 266 70 252 210 196 28x2 196 322 238 196x2 224 196x2 224 196x2 266 224 196 252 196 210 252 294 252 238 252 518 154 238 126 196 238 322 196x2 210 98 196 238 280 602 336 280 294 14 196x2 266 196x2 308 210 196x2 210 196 280 252 42 252 280 196 322 196x2 266 14 224 196 238 266 238 280 294 196 280x2 196x2 14 238 14 266 196 210x2 196 252 238 196 112 196 294 280 294 238 294 224 280x2 210 518 266 140 210 280 252 350 280 42 252 14 154 224 196 308 210 308 280 294 224 336 196 266 532 308 196 224 196 350 252 196 266 238 574 266 224 294 252 84 252 238 322 294 196 224 308 238 252 210 98 280 196 266 252 336 308 546 266 252 196x3 210 252 196 112 350 14 98 294 252 224 252 196 546 28 14 266 196 252 42 70 238 532 196 322 252 238 14 70 294 308 196 336 322 336 224 126 210 112 196 238 294 518 280 308 238 196 308 210 266 280 224 140 196 238 252 420 196 70 196 588 238 322 336 140 196x2 252 196x2 98x2 266 196 588 224 280 308 196x2 280 266 210 266 252 196 294 70 252 266 252 294 238 322 196 98 322 266 308 112 196 252 574x2 196x2 14 252 266 98 294 280 322 266 196 238 252 210 112 252 168 140 266 252 294 84 266x2 196 308 406 14 224 574 196x2 154 252 238 616 126 196x2 336 322 266 322 294 308 238 336 252 196 28 252 574 308 238x2 252 308 196 238x2 28 </values>
</instantiation>
