  PyCSP3 (Python:3.7.9, Path:C:\Users\HASEE\AppData\Local\Packages\PythonSoftwareFoundation.Python.3.7_qbz5n2kfra8p0\LocalCache\local-packages\Python37\site-packages\pycsp3\compiler.py)

  * Generating the file essai_cop_mod2-low-reformulate_celar_500_30_20_5_0.xml completed in     0.82 seconds.


  * Solving by Ace in progress ... 
    with command:  java -jar C:\Users\HASEE\AppData\Local\Packages\PythonSoftwareFoundation.Python.3.7_qbz5n2kfra8p0\LocalCache\local-packages\Python37\site-packages\pycsp3\solvers\abscon\ACE-21-05.jar essai_cop_mod2-low-reformulate_celar_500_30_20_5_0.xml  -v=1 -npc
  * Log file of the solver: C:\Users\HASEE\Desktop\Projet MRO\données-reformulées-cop\ACE\Low\solver_0xe094673501fa_10932_0.log

ACE (AbsCon Essence) v21.05 

  Instance essai_cop_mod2-low-reformulate_celar_500_30_20_5_0

  Loading variables...
  Loading constraints...

  Domains
    nTypes=889  nValues=46171  sizes=[40#76,41#60,42#78,43#67...49#82,50#81,51#82,52#73]
  Variables
    count=1000  degrees=[3#16,4#206,5#46,6#258...18#4,19#2,22#2,29#2]
  Constraints
    count=3288  nSpecific=3288  arities=[1#2,2#3256,20#1,24#1...36#4,38#4,40#2,42#2]
    distribution=[DistEQ2#500,DistGE2#2656,NValuesCstLE#30,SubEQ2#100]
    wck=5.29  cpu=1.593  mem=14M572
  Objective
    way=min  type=ObjVarLE  bounds=14..728

  Building solver... 

  Solver
    guaranteedGAC=false
    wck=5.34  cpu=1.64  mem=13M768

  Preprocessing
    eff=675  nValues=40330  nACremovedValues=5841  inconsistency=false
    wck=0.016  cpu=1.656  mem=14M20

o 420  5.38
    run=0  dpt=-1..999  eff=4010  wrg=0  wck=0.06  bnds=14..419
o 14  5.44
    run=1  dpt=-1..999  eff=7347  wrg=0  wck=0.10  bnds=14..13

  Global
    eff=7347
    Stop=FULL_EXPLORATION  wrong=0  bestBound=14  bestBoundWck=5.439  bestBoundCpu=1.75  foundSolutions=2  firstSolCpu=1.687
    wck=5.44  cpu=1.75  mem=17M429


  Solution 2 in JSON format:
   {
    freq_emi: [14, 14, 14, 14, 14, 28, 14, 14, 14, 14, 14, 42, 28, 14, 70, 14, 28, 28, 42, 14, 28, 14, 14, 42, 14, 14, 84, 28, 14, 14, 14, 28, 14, 42, 56, 28, 56, 42, 14, 14, 14, 56, 56, 280, 28, 14, 28, 112, 112, 14, 14, 14, 14, 70, 56, 14, 14, 70, 14, 14, 14, 14, 84, 14, 14, 14, 14, 14, 14, 14, 14, 70, 308, 112, 84, 294, 14, 14, 56, 70, 14, 70, 28, 70, 14, 140, 98, 84, 14, 14, 14, 42, 56, 28, 56, 56, 14, 84, 70, 56, 14, 126, 56, 84, 14, 42, 56, 42, 42, 14, 70, 14, 14, 14, 154, 98, 14, 14, 56, 14, 98, 56, 112, 84, 28, 14, 42, 14, 42, 280, 56, 14, 14, 14, 168, 84, 42, 112, 14, 28, 56, 14, 98, 14, 98, 98, 28, 14, 70, 406, 14, 14, 84, 14, 70, 56, 14, 168, 28, 98, 112, 56, 14, 56, 70, 56, 14, 14, 28, 56, 98, 14, 84, 42, 14, 14, 14, 84, 140, 14, 14, 28, 56, 56, 28, 14, 84, 14, 14, 14, 28, 14, 112, 70, 42, 14, 364, 280, 14, 14, 56, 140, 56, 70, 28, 14, 14, 14, 14, 56, 42, 70, 28, 112, 434, 126, 14, 70, 280, 112, 14, 28, 14, 70, 126, 70, 84, 14, 14, 14, 70, 14, 56, 70, 56, 84, 56, 14, 14, 42, 70, 84, 98, 56, 14, 42, 98, 84, 14, 14, 56, 14, 98, 336, 322, 126, 14, 280, 98, 56, 56, 14, 14, 378, 14, 14, 98, 42, 28, 42, 56, 98, 42, 140, 196, 70, 14, 14, 182, 364, 280, 84, 42, 140, 14, 28, 14, 98, 84, 56, 56, 56, 70, 56, 56, 168, 84, 70, 28, 56, 28, 70, 70, 98, 14, 56, 14, 42, 70, 84, 14, 350, 294, 98, 84, 14, 140, 14, 28, 126, 70, 56, 154, 70, 14, 140, 140, 70, 14, 98, 322, 140, 56, 294, 70, 112, 294, 154, 322, 112, 112, 98, 14, 154, 364, 84, 14, 350, 70, 126, 14, 280, 42, 210, 126, 98, 140, 126, 364, 14, 140, 112, 56, 70, 14, 42, 70, 70, 350, 406, 434, 84, 140, 154, 196, 112, 350, 154, 42, 126, 70, 112, 70, 140, 322, 322, 14, 56, 112, 14, 70, 84, 56, 140, 14, 112, 70, 182, 154, 70, 112, 196, 112, 112, 56, 280, 126, 70, 84, 98, 154, 182, 392, 476, 56, 98, 154, 210, 56, 14, 126, 126, 448, 112, 70, 28, 196, 28, 14, 280, 462, 28, 84, 112, 182, 42, 280, 70, 350, 112, 140, 140, 280, 98, 126, 14, 14, 70, 98, 14, 28, 154, 14, 56, 84, 126, 84, 112, 294, 70, 28, 140, 224, 14, 56, 168, 84, 84, 336, 42, 182, 350, 14, 14, 70, 14, 126, 196, 14, 406, 98, 714, 406, 42, 56, 350, 84, 448, 14, 56, 14, 434, 28, 56, 126, 14, 98, 112, 56, 280],
    freq_rec: [280, 280, 280, 280, 280, 294, 280, 280, 280, 280, 280, 308, 294, 280, 336, 280, 294, 294, 308, 280, 294, 280, 280, 308, 280, 280, 350, 294, 280, 280, 280, 294, 280, 308, 322, 294, 322, 308, 280, 280, 280, 322, 322, 14, 294, 280, 294, 378, 378, 280, 280, 280, 280, 336, 322, 280, 280, 336, 280, 280, 280, 280, 350, 280, 280, 280, 280, 280, 280, 280, 280, 336, 42, 378, 350, 28, 280, 280, 322, 336, 280, 336, 294, 336, 280, 406, 364, 350, 280, 280, 280, 308, 322, 294, 322, 322, 280, 350, 336, 322, 280, 392, 322, 350, 280, 308, 322, 308, 308, 280, 336, 280, 280, 280, 420, 364, 280, 280, 322, 280, 364, 322, 378, 350, 294, 280, 308, 280, 308, 14, 322, 280, 280, 280, 434, 350, 308, 378, 280, 294, 322, 280, 364, 280, 364, 364, 294, 280, 336, 140, 280, 280, 350, 280, 336, 322, 280, 434, 294, 364, 378, 322, 280, 322, 336, 322, 280, 280, 294, 322, 364, 280, 350, 308, 280, 280, 280, 350, 406, 280, 280, 294, 322, 322, 294, 280, 350, 280, 280, 280, 294, 280, 378, 336, 308, 280, 98, 14, 280, 280, 322, 406, 322, 336, 294, 280, 280, 280, 280, 322, 308, 336, 294, 378, 168, 392, 280, 336, 14, 378, 280, 294, 280, 336, 392, 336, 350, 280, 280, 280, 336, 280, 322, 336, 322, 350, 322, 280, 280, 308, 336, 350, 364, 322, 280, 308, 364, 350, 280, 280, 322, 280, 364, 70, 56, 392, 280, 14, 364, 322, 322, 280, 280, 112, 280, 280, 364, 308, 294, 308, 322, 364, 308, 406, 462, 336, 280, 280, 448, 98, 14, 350, 308, 406, 280, 294, 280, 364, 350, 322, 322, 322, 336, 322, 322, 434, 350, 336, 294, 322, 294, 336, 336, 364, 280, 322, 280, 308, 336, 350, 280, 84, 28, 364, 350, 280, 406, 280, 294, 392, 336, 322, 420, 336, 280, 406, 406, 336, 280, 364, 56, 406, 322, 28, 336, 378, 28, 420, 56, 378, 378, 364, 280, 420, 98, 350, 280, 84, 336, 392, 280, 14, 308, 476, 392, 364, 406, 392, 98, 280, 406, 378, 322, 336, 280, 308, 336, 336, 84, 140, 168, 350, 406, 420, 462, 378, 84, 420, 308, 392, 336, 378, 336, 406, 56, 56, 280, 322, 378, 280, 336, 350, 322, 406, 280, 378, 336, 448, 420, 336, 378, 462, 378, 378, 322, 14, 392, 336, 350, 364, 420, 448, 126, 210, 322, 364, 420, 476, 322, 280, 392, 392, 714, 378, 336, 294, 462, 294, 280, 14, 196, 294, 350, 378, 448, 308, 14, 336, 84, 378, 406, 406, 14, 364, 392, 280, 280, 336, 364, 280, 294, 420, 280, 322, 350, 392, 350, 378, 28, 336, 294, 406, 490, 280, 322, 434, 350, 350, 70, 308, 448, 84, 280, 280, 336, 280, 392, 462, 280, 140, 364, 448, 140, 308, 322, 84, 350, 714, 280, 322, 280, 168, 294, 322, 392, 280, 364, 378, 322, 14]
   }

s OPTIMUM FOUND

v <instantiation id='sol2' type='solution' cost='14'> <list> freq_emi[] freq_rec[] </list> <values> 14x5 28 14x5 42 28 14 70 14 28x2 42 14 28 14x2 42 14x2 84 28 14x3 28 14 42 56 28 56 42 14x3 56x2 280 28 14 28 112x2 14x4 70 56 14x2 70 14x4 84 14x8 70 308 112 84 294 14x2 56 70 14 70 28 70 14 140 98 84 14x3 42 56 28 56x2 14 84 70 56 14 126 56 84 14 42 56 42x2 14 70 14x3 154 98 14x2 56 14 98 56 112 84 28 14 42 14 42 280 56 14x3 168 84 42 112 14 28 56 14 98 14 98x2 28 14 70 406 14x2 84 14 70 56 14 168 28 98 112 56 14 56 70 56 14x2 28 56 98 14 84 42 14x3 84 140 14x2 28 56x2 28 14 84 14x3 28 14 112 70 42 14 364 280 14x2 56 140 56 70 28 14x4 56 42 70 28 112 434 126 14 70 280 112 14 28 14 70 126 70 84 14x3 70 14 56 70 56 84 56 14x2 42 70 84 98 56 14 42 98 84 14x2 56 14 98 336 322 126 14 280 98 56x2 14x2 378 14x2 98 42 28 42 56 98 42 140 196 70 14x2 182 364 280 84 42 140 14 28 14 98 84 56x3 70 56x2 168 84 70 28 56 28 70x2 98 14 56 14 42 70 84 14 350 294 98 84 14 140 14 28 126 70 56 154 70 14 140x2 70 14 98 322 140 56 294 70 112 294 154 322 112x2 98 14 154 364 84 14 350 70 126 14 280 42 210 126 98 140 126 364 14 140 112 56 70 14 42 70x2 350 406 434 84 140 154 196 112 350 154 42 126 70 112 70 140 322x2 14 56 112 14 70 84 56 140 14 112 70 182 154 70 112 196 112x2 56 280 126 70 84 98 154 182 392 476 56 98 154 210 56 14 126x2 448 112 70 28 196 28 14 280 462 28 84 112 182 42 280 70 350 112 140x2 280 98 126 14x2 70 98 14 28 154 14 56 84 126 84 112 294 70 28 140 224 14 56 168 84x2 336 42 182 350 14x2 70 14 126 196 14 406 98 714 406 42 56 350 84 448 14 56 14 434 28 56 126 14 98 112 56 280x6 294 280x5 308 294 280 336 280 294x2 308 280 294 280x2 308 280x2 350 294 280x3 294 280 308 322 294 322 308 280x3 322x2 14 294 280 294 378x2 280x4 336 322 280x2 336 280x4 350 280x8 336 42 378 350 28 280x2 322 336 280 336 294 336 280 406 364 350 280x3 308 322 294 322x2 280 350 336 322 280 392 322 350 280 308 322 308x2 280 336 280x3 420 364 280x2 322 280 364 322 378 350 294 280 308 280 308 14 322 280x3 434 350 308 378 280 294 322 280 364 280 364x2 294 280 336 140 280x2 350 280 336 322 280 434 294 364 378 322 280 322 336 322 280x2 294 322 364 280 350 308 280x3 350 406 280x2 294 322x2 294 280 350 280x3 294 280 378 336 308 280 98 14 280x2 322 406 322 336 294 280x4 322 308 336 294 378 168 392 280 336 14 378 280 294 280 336 392 336 350 280x3 336 280 322 336 322 350 322 280x2 308 336 350 364 322 280 308 364 350 280x2 322 280 364 70 56 392 280 14 364 322x2 280x2 112 280x2 364 308 294 308 322 364 308 406 462 336 280x2 448 98 14 350 308 406 280 294 280 364 350 322x3 336 322x2 434 350 336 294 322 294 336x2 364 280 322 280 308 336 350 280 84 28 364 350 280 406 280 294 392 336 322 420 336 280 406x2 336 280 364 56 406 322 28 336 378 28 420 56 378x2 364 280 420 98 350 280 84 336 392 280 14 308 476 392 364 406 392 98 280 406 378 322 336 280 308 336x2 84 140 168 350 406 420 462 378 84 420 308 392 336 378 336 406 56x2 280 322 378 280 336 350 322 406 280 378 336 448 420 336 378 462 378x2 322 14 392 336 350 364 420 448 126 210 322 364 420 476 322 280 392x2 714 378 336 294 462 294 280 14 196 294 350 378 448 308 14 336 84 378 406x2 14 364 392 280x2 336 364 280 294 420 280 322 350 392 350 378 28 336 294 406 490 280 322 434 350x2 70 308 448 84 280x2 336 280 392 462 280 140 364 448 140 308 322 84 350 714 280 322 280 168 294 322 392 280 364 378 322 14 </values> </instantiation>

d WRONG DECISIONS 0
d NUMBER OF SOLUTIONS 2
d BOUND 14
d COMPLETE EXPLORATION

c real time : 1.75

  * Solved by Ace in     6.42 seconds

  NB: use the solver option v, as in -solver=[choco,v] or -solver=[ace,v] to see directly the output of the solver.

<instantiation type="solution optimal" cost="14">
  <list> freq_emi[] freq_rec[] </list>
  <values> 14x5 28 14x5 42 28 14 70 14 28x2 42 14 28 14x2 42 14x2 84 28 14x3 28 14 42 56 28 56 42 14x3 56x2 280 28 14 28 112x2 14x4 70 56 14x2 70 14x4 84 14x8 70 308 112 84 294 14x2 56 70 14 70 28 70 14 140 98 84 14x3 42 56 28 56x2 14 84 70 56 14 126 56 84 14 42 56 42x2 14 70 14x3 154 98 14x2 56 14 98 56 112 84 28 14 42 14 42 280 56 14x3 168 84 42 112 14 28 56 14 98 14 98x2 28 14 70 406 14x2 84 14 70 56 14 168 28 98 112 56 14 56 70 56 14x2 28 56 98 14 84 42 14x3 84 140 14x2 28 56x2 28 14 84 14x3 28 14 112 70 42 14 364 280 14x2 56 140 56 70 28 14x4 56 42 70 28 112 434 126 14 70 280 112 14 28 14 70 126 70 84 14x3 70 14 56 70 56 84 56 14x2 42 70 84 98 56 14 42 98 84 14x2 56 14 98 336 322 126 14 280 98 56x2 14x2 378 14x2 98 42 28 42 56 98 42 140 196 70 14x2 182 364 280 84 42 140 14 28 14 98 84 56x3 70 56x2 168 84 70 28 56 28 70x2 98 14 56 14 42 70 84 14 350 294 98 84 14 140 14 28 126 70 56 154 70 14 140x2 70 14 98 322 140 56 294 70 112 294 154 322 112x2 98 14 154 364 84 14 350 70 126 14 280 42 210 126 98 140 126 364 14 140 112 56 70 14 42 70x2 350 406 434 84 140 154 196 112 350 154 42 126 70 112 70 140 322x2 14 56 112 14 70 84 56 140 14 112 70 182 154 70 112 196 112x2 56 280 126 70 84 98 154 182 392 476 56 98 154 210 56 14 126x2 448 112 70 28 196 28 14 280 462 28 84 112 182 42 280 70 350 112 140x2 280 98 126 14x2 70 98 14 28 154 14 56 84 126 84 112 294 70 28 140 224 14 56 168 84x2 336 42 182 350 14x2 70 14 126 196 14 406 98 714 406 42 56 350 84 448 14 56 14 434 28 56 126 14 98 112 56 280x6 294 280x5 308 294 280 336 280 294x2 308 280 294 280x2 308 280x2 350 294 280x3 294 280 308 322 294 322 308 280x3 322x2 14 294 280 294 378x2 280x4 336 322 280x2 336 280x4 350 280x8 336 42 378 350 28 280x2 322 336 280 336 294 336 280 406 364 350 280x3 308 322 294 322x2 280 350 336 322 280 392 322 350 280 308 322 308x2 280 336 280x3 420 364 280x2 322 280 364 322 378 350 294 280 308 280 308 14 322 280x3 434 350 308 378 280 294 322 280 364 280 364x2 294 280 336 140 280x2 350 280 336 322 280 434 294 364 378 322 280 322 336 322 280x2 294 322 364 280 350 308 280x3 350 406 280x2 294 322x2 294 280 350 280x3 294 280 378 336 308 280 98 14 280x2 322 406 322 336 294 280x4 322 308 336 294 378 168 392 280 336 14 378 280 294 280 336 392 336 350 280x3 336 280 322 336 322 350 322 280x2 308 336 350 364 322 280 308 364 350 280x2 322 280 364 70 56 392 280 14 364 322x2 280x2 112 280x2 364 308 294 308 322 364 308 406 462 336 280x2 448 98 14 350 308 406 280 294 280 364 350 322x3 336 322x2 434 350 336 294 322 294 336x2 364 280 322 280 308 336 350 280 84 28 364 350 280 406 280 294 392 336 322 420 336 280 406x2 336 280 364 56 406 322 28 336 378 28 420 56 378x2 364 280 420 98 350 280 84 336 392 280 14 308 476 392 364 406 392 98 280 406 378 322 336 280 308 336x2 84 140 168 350 406 420 462 378 84 420 308 392 336 378 336 406 56x2 280 322 378 280 336 350 322 406 280 378 336 448 420 336 378 462 378x2 322 14 392 336 350 364 420 448 126 210 322 364 420 476 322 280 392x2 714 378 336 294 462 294 280 14 196 294 350 378 448 308 14 336 84 378 406x2 14 364 392 280x2 336 364 280 294 420 280 322 350 392 350 378 28 336 294 406 490 280 322 434 350x2 70 308 448 84 280x2 336 280 392 462 280 140 364 448 140 308 322 84 350 714 280 322 280 168 294 322 392 280 364 378 322 14 </values>
</instantiation>
