  PyCSP3 (Python:3.7.9, Path:C:\Users\HASEE\AppData\Local\Packages\PythonSoftwareFoundation.Python.3.7_qbz5n2kfra8p0\LocalCache\local-packages\Python37\site-packages\pycsp3\compiler.py)

  * Generating the file essai_cop_mod2-low-reformulate_celar_250_25_15_5_0.xml completed in     0.40 seconds.


  * Solving by Ace in progress ... 
    with command:  java -jar C:\Users\HASEE\AppData\Local\Packages\PythonSoftwareFoundation.Python.3.7_qbz5n2kfra8p0\LocalCache\local-packages\Python37\site-packages\pycsp3\solvers\abscon\ACE-21-05.jar essai_cop_mod2-low-reformulate_celar_250_25_15_5_0.xml  -v=1 -npc
  * Log file of the solver: C:\Users\HASEE\Desktop\Projet MRO\données-reformulées-cop\ACE\Low\solver_0xe094673501fa_13304_0.log

ACE (AbsCon Essence) v21.05 

  Instance essai_cop_mod2-low-reformulate_celar_250_25_15_5_0

  Loading variables...
  Loading constraints...

  Domains
    nTypes=448  nValues=23089  sizes=[40#32,41#43,42#37,43#35...49#44,50#40,51#50,52#37]
  Variables
    count=500  degrees=[3#14,4#106,5#28,6#130...14#18,15#2,17#2,18#2]
  Constraints
    count=1537  nSpecific=1537  arities=[1#2,2#1510,4#1,6#1...26#3,28#4,30#2,32#1]
    distribution=[DistEQ2#250,DistGE2#1208,NValuesCstLE#25,SubEQ2#52]
    wck=5.05  cpu=1.296  mem=9M322
  Objective
    way=min  type=ObjVarLE  bounds=28..728

  Building solver... 

  Solver
    guaranteedGAC=false
    wck=5.09  cpu=1.343  mem=12M224

  Preprocessing
    eff=356  nValues=20552  nACremovedValues=2537  inconsistency=false
    wck=0.016  cpu=1.359  mem=12M315

o 532  5.12
    run=0  dpt=148..499  eff=1813  wrg=6  wck=0.03  ngd=6  bnds=28..531
o 42  5.14
    run=1  dpt=-1..499  eff=3236  wrg=6  wck=0.05  ngd=6  bnds=28..41
    run=2  dpt=-1..499  eff=3237  wrg=6  wck=0.05  ngd=6  bnds=42..41

  Global
    eff=3237  nogoods=6
    Stop=FULL_EXPLORATION  wrong=6  bestBound=42  bestBoundWck=5.137  bestBoundCpu=1.39  foundSolutions=2  firstSolCpu=1.375
    wck=5.14  cpu=1.39  mem=10M951


  Solution 2 in JSON format:
   {
    freq_emi: [14, 14, 14, 14, 14, 14, 42, 14, 14, 14, 14, 14, 28, 14, 14, 14, 14, 196, 14, 14, 28, 56, 14, 14, 14, 14, 14, 14, 28, 56, 14, 28, 28, 84, 14, 14, 84, 14, 70, 28, 14, 28, 42, 14, 14, 42, 14, 70, 28, 14, 70, 196, 70, 14, 56, 14, 70, 84, 14, 28, 56, 84, 70, 56, 14, 70, 84, 56, 14, 70, 14, 70, 56, 28, 70, 70, 14, 98, 112, 14, 140, 28, 98, 28, 42, 70, 14, 56, 42, 14, 14, 252, 56, 14, 70, 84, 196, 70, 140, 14, 14, 98, 196, 14, 14, 112, 14, 98, 28, 112, 140, 14, 42, 56, 14, 70, 14, 70, 42, 140, 98, 14, 196, 14, 56, 140, 56, 56, 126, 112, 14, 252, 336, 14, 98, 42, 14, 84, 378, 70, 126, 224, 56, 98, 84, 14, 70, 140, 112, 14, 126, 14, 56, 70, 84, 84, 196, 14, 238, 70, 238, 56, 84, 56, 238, 322, 14, 84, 56, 14, 70, 112, 70, 14, 14, 238, 56, 56, 238, 210, 126, 126, 70, 14, 56, 14, 266, 56, 154, 70, 70, 56, 56, 308, 14, 98, 14, 14, 56, 294, 518, 196, 56, 98, 70, 56, 112, 84, 112, 56, 112, 126, 84, 252, 56, 56, 126, 56, 126, 14, 14, 294, 28, 14, 98, 14, 350, 56, 238, 196, 112, 140, 28, 238, 112, 378, 14, 84, 56, 14, 84, 70, 28, 56, 14, 196, 154, 126, 56, 224],
    freq_rec: [196, 196, 196, 196, 196, 196, 224, 196, 196, 196, 196, 196, 210, 196, 196, 196, 196, 14, 196, 196, 210, 238, 196, 196, 196, 196, 196, 196, 210, 238, 196, 210, 210, 266, 196, 196, 266, 196, 252, 210, 196, 210, 224, 196, 196, 224, 196, 252, 210, 196, 252, 14, 252, 196, 238, 196, 252, 266, 196, 210, 238, 266, 252, 238, 196, 252, 266, 238, 196, 252, 196, 252, 238, 210, 252, 252, 196, 280, 294, 196, 322, 210, 280, 210, 224, 252, 196, 238, 224, 196, 196, 70, 238, 196, 252, 266, 14, 252, 322, 196, 196, 280, 14, 196, 196, 294, 196, 280, 210, 294, 322, 196, 224, 238, 196, 252, 196, 252, 224, 322, 280, 196, 14, 196, 238, 322, 238, 238, 308, 294, 196, 70, 518, 196, 280, 224, 196, 266, 560, 252, 308, 42, 238, 280, 266, 196, 252, 322, 294, 196, 308, 196, 238, 252, 266, 266, 14, 196, 56, 252, 56, 238, 266, 238, 56, 140, 196, 266, 238, 196, 252, 294, 252, 196, 196, 56, 238, 238, 56, 28, 308, 308, 252, 196, 238, 196, 84, 238, 336, 252, 252, 238, 238, 126, 196, 280, 196, 196, 238, 112, 336, 14, 238, 280, 252, 238, 294, 266, 294, 238, 294, 308, 266, 70, 238, 238, 308, 238, 308, 196, 196, 112, 210, 196, 280, 196, 532, 238, 56, 14, 294, 322, 210, 56, 294, 560, 196, 266, 238, 196, 266, 252, 210, 238, 196, 14, 336, 308, 238, 42]
   }

s OPTIMUM FOUND

v <instantiation id='sol2' type='solution' cost='42'> <list> freq_emi[] freq_rec[] </list> <values> 14x6 42 14x5 28 14x4 196 14x2 28 56 14x6 28 56 14 28x2 84 14x2 84 14 70 28 14 28 42 14x2 42 14 70 28 14 70 196 70 14 56 14 70 84 14 28 56 84 70 56 14 70 84 56 14 70 14 70 56 28 70x2 14 98 112 14 140 28 98 28 42 70 14 56 42 14x2 252 56 14 70 84 196 70 140 14x2 98 196 14x2 112 14 98 28 112 140 14 42 56 14 70 14 70 42 140 98 14 196 14 56 140 56x2 126 112 14 252 336 14 98 42 14 84 378 70 126 224 56 98 84 14 70 140 112 14 126 14 56 70 84x2 196 14 238 70 238 56 84 56 238 322 14 84 56 14 70 112 70 14x2 238 56x2 238 210 126x2 70 14 56 14 266 56 154 70x2 56x2 308 14 98 14x2 56 294 518 196 56 98 70 56 112 84 112 56 112 126 84 252 56x2 126 56 126 14x2 294 28 14 98 14 350 56 238 196 112 140 28 238 112 378 14 84 56 14 84 70 28 56 14 196 154 126 56 224 196x6 224 196x5 210 196x4 14 196x2 210 238 196x6 210 238 196 210x2 266 196x2 266 196 252 210 196 210 224 196x2 224 196 252 210 196 252 14 252 196 238 196 252 266 196 210 238 266 252 238 196 252 266 238 196 252 196 252 238 210 252x2 196 280 294 196 322 210 280 210 224 252 196 238 224 196x2 70 238 196 252 266 14 252 322 196x2 280 14 196x2 294 196 280 210 294 322 196 224 238 196 252 196 252 224 322 280 196 14 196 238 322 238x2 308 294 196 70 518 196 280 224 196 266 560 252 308 42 238 280 266 196 252 322 294 196 308 196 238 252 266x2 14 196 56 252 56 238 266 238 56 140 196 266 238 196 252 294 252 196x2 56 238x2 56 28 308x2 252 196 238 196 84 238 336 252x2 238x2 126 196 280 196x2 238 112 336 14 238 280 252 238 294 266 294 238 294 308 266 70 238x2 308 238 308 196x2 112 210 196 280 196 532 238 56 14 294 322 210 56 294 560 196 266 238 196 266 252 210 238 196 14 336 308 238 42 </values> </instantiation>

d WRONG DECISIONS 6
d NUMBER OF SOLUTIONS 2
d BOUND 42
d COMPLETE EXPLORATION

c real time : 1.39

  * Solved by Ace in     6.03 seconds

  NB: use the solver option v, as in -solver=[choco,v] or -solver=[ace,v] to see directly the output of the solver.

<instantiation type="solution optimal" cost="42">
  <list> freq_emi[] freq_rec[] </list>
  <values> 14x6 42 14x5 28 14x4 196 14x2 28 56 14x6 28 56 14 28x2 84 14x2 84 14 70 28 14 28 42 14x2 42 14 70 28 14 70 196 70 14 56 14 70 84 14 28 56 84 70 56 14 70 84 56 14 70 14 70 56 28 70x2 14 98 112 14 140 28 98 28 42 70 14 56 42 14x2 252 56 14 70 84 196 70 140 14x2 98 196 14x2 112 14 98 28 112 140 14 42 56 14 70 14 70 42 140 98 14 196 14 56 140 56x2 126 112 14 252 336 14 98 42 14 84 378 70 126 224 56 98 84 14 70 140 112 14 126 14 56 70 84x2 196 14 238 70 238 56 84 56 238 322 14 84 56 14 70 112 70 14x2 238 56x2 238 210 126x2 70 14 56 14 266 56 154 70x2 56x2 308 14 98 14x2 56 294 518 196 56 98 70 56 112 84 112 56 112 126 84 252 56x2 126 56 126 14x2 294 28 14 98 14 350 56 238 196 112 140 28 238 112 378 14 84 56 14 84 70 28 56 14 196 154 126 56 224 196x6 224 196x5 210 196x4 14 196x2 210 238 196x6 210 238 196 210x2 266 196x2 266 196 252 210 196 210 224 196x2 224 196 252 210 196 252 14 252 196 238 196 252 266 196 210 238 266 252 238 196 252 266 238 196 252 196 252 238 210 252x2 196 280 294 196 322 210 280 210 224 252 196 238 224 196x2 70 238 196 252 266 14 252 322 196x2 280 14 196x2 294 196 280 210 294 322 196 224 238 196 252 196 252 224 322 280 196 14 196 238 322 238x2 308 294 196 70 518 196 280 224 196 266 560 252 308 42 238 280 266 196 252 322 294 196 308 196 238 252 266x2 14 196 56 252 56 238 266 238 56 140 196 266 238 196 252 294 252 196x2 56 238x2 56 28 308x2 252 196 238 196 84 238 336 252x2 238x2 126 196 280 196x2 238 112 336 14 238 280 252 238 294 266 294 238 294 308 266 70 238x2 308 238 308 196x2 112 210 196 280 196 532 238 56 14 294 322 210 56 294 560 196 266 238 196 266 252 210 238 196 14 336 308 238 42 </values>
</instantiation>
