  PyCSP3 (Python:3.7.9, Path:C:\Users\HASEE\AppData\Local\Packages\PythonSoftwareFoundation.Python.3.7_qbz5n2kfra8p0\LocalCache\local-packages\Python37\site-packages\pycsp3\compiler.py)

  * Generating the file essai_cop_mod2-band-reformulate_celar_250_25_15_5_0.xml completed in     0.36 seconds.


  * Solving by Ace in progress ... 
    with command:  java -jar C:\Users\HASEE\AppData\Local\Packages\PythonSoftwareFoundation.Python.3.7_qbz5n2kfra8p0\LocalCache\local-packages\Python37\site-packages\pycsp3\solvers\abscon\ACE-21-05.jar essai_cop_mod2-band-reformulate_celar_250_25_15_5_0.xml  -v=1 -npc
  * Log file of the solver: C:\Users\HASEE\Desktop\Projet MRO\données-reformulées-cop\ACE\Band\solver_0xe094673501fa_10548_0.log

ACE (AbsCon Essence) v21.05 

  Instance essai_cop_mod2-band-reformulate_celar_250_25_15_5_0

  Loading variables...
  Loading constraints...

  Domains
    nTypes=438  nValues=23202  sizes=[40#32,41#43,42#28,43#39...50#36,51#45,52#49,103#1]
  Variables
    count=501  nAux=1  degrees=[3#11,4#128,5#28,6#120...21#2,25#2,28#2,30#2]
  Constraints
    count=1586  nSpecific=1585  arities=[1#2,2#1558,3#1,6#2...24#4,26#3,28#1,30#3]
    distribution=[DistEQ2#250,DistGE2#1248,Intension#1,NValuesCstLE#25,SubEQ2#60]
    nIntStructures=(1,shared:0)
    wck=5.04  cpu=1.281  mem=11M942
  Objective
    way=min  type=ObjVarLE  bounds=-714..714

  Building solver... 

  Solver
    guaranteedGAC=false
    wck=5.09  cpu=1.312  mem=10M967

  Preprocessing
    eff=377  revisions=(3,useless=2)  nValues=20736  nACremovedValues=2466  inconsistency=false
    wck=0.016  cpu=1.328  mem=11M148

o 182  5.12
    run=0  dpt=-1..500  eff=1850  wrg=0  wck=0.05  bnds=-714..181
    run=1  dpt=215..220  eff=3687  wrg=105  wck=0.06  ngd=1  bnds=-714..181
    run=2  dpt=0..0  eff=3984  wrg=145  wck=0.06  ngd=1  bnds=182..181

  Global
    eff=3984  revisions=(432,useless=85)  nogoods=1
    Stop=FULL_EXPLORATION  wrong=145  bestBound=182  bestBoundWck=5.122  bestBoundCpu=1.343  foundSolutions=1  firstSolCpu=1.343
    wck=5.15  cpu=1.375  mem=12M597


  Solution 1 in JSON format:
   {
    freq_emi: [28, 14, 14, 14, 56, 28, 28, 14, 28, 14, 28, 70, 42, 28, 84, 14, 14, 14, 224, 14, 112, 14, 14, 84, 14, 42, 14, 14, 84, 14, 28, 14, 56, 14, 42, 112, 14, 56, 28, 14, 14, 14, 14, 14, 70, 84, 84, 14, 14, 266, 14, 14, 28, 14, 14, 56, 14, 238, 56, 140, 294, 56, 84, 84, 56, 14, 28, 14, 14, 70, 112, 14, 70, 14, 14, 112, 14, 14, 84, 56, 84, 14, 42, 98, 14, 14, 98, 14, 14, 196, 28, 14, 42, 14, 28, 28, 210, 28, 56, 14, 28, 98, 196, 14, 140, 42, 140, 70, 84, 140, 56, 56, 84, 98, 14, 238, 56, 14, 126, 14, 112, 14, 84, 140, 14, 14, 196, 364, 14, 210, 14, 154, 14, 70, 112, 322, 14, 56, 56, 420, 98, 56, 140, 266, 70, 84, 28, 70, 112, 14, 168, 70, 14, 140, 70, 98, 28, 70, 14, 70, 14, 14, 112, 196, 28, 112, 42, 84, 154, 56, 14, 28, 70, 336, 42, 42, 42, 84, 70, 280, 154, 70, 14, 70, 154, 14, 378, 84, 154, 196, 56, 112, 14, 14, 98, 42, 56, 210, 56, 14, 126, 252, 42, 14, 98, 112, 266, 112, 56, 84, 84, 154, 154, 238, 70, 14, 112, 126, 364, 294, 238, 14, 210, 210, 56, 112, 14, 112, 112, 210, 140, 364, 322, 84, 14, 224, 98, 98, 336, 140, 364, 56, 98, 350, 70, 42, 70, 84, 84, 42],
    freq_rec: [210, 196, 196, 196, 238, 210, 210, 196, 210, 196, 210, 252, 224, 210, 266, 196, 196, 196, 42, 196, 294, 196, 196, 266, 196, 224, 196, 196, 266, 196, 210, 196, 238, 196, 224, 294, 196, 238, 210, 196, 196, 196, 196, 196, 252, 266, 266, 196, 196, 84, 196, 196, 210, 196, 196, 238, 196, 420, 238, 322, 112, 238, 266, 266, 238, 196, 210, 196, 196, 252, 294, 196, 252, 196, 196, 294, 196, 196, 266, 238, 266, 196, 224, 280, 196, 196, 280, 196, 196, 14, 210, 196, 224, 196, 210, 210, 28, 210, 238, 196, 210, 280, 14, 196, 322, 224, 322, 252, 266, 322, 238, 238, 266, 280, 196, 56, 238, 196, 308, 196, 294, 196, 266, 322, 196, 196, 14, 546, 196, 28, 196, 336, 196, 252, 294, 140, 196, 238, 238, 238, 280, 238, 322, 84, 252, 266, 210, 252, 294, 196, 350, 252, 196, 322, 252, 280, 210, 252, 196, 252, 196, 196, 294, 14, 210, 294, 224, 266, 336, 238, 196, 210, 252, 154, 224, 224, 224, 266, 252, 98, 336, 252, 196, 252, 336, 196, 560, 266, 336, 14, 238, 294, 196, 196, 280, 224, 238, 28, 238, 196, 308, 70, 224, 196, 280, 294, 84, 294, 238, 266, 266, 336, 336, 56, 252, 196, 294, 308, 546, 112, 56, 196, 28, 28, 238, 294, 196, 294, 294, 28, 322, 546, 140, 266, 196, 42, 280, 280, 518, 322, 546, 238, 280, 532, 252, 224, 252, 266, 266, 224]
   }

s OPTIMUM FOUND

v <instantiation id='sol1' type='solution' cost='182'> <list> freq_emi[] freq_rec[] </list> <values> 28 14x3 56 28x2 14 28 14 28 70 42 28 84 14x3 224 14 112 14x2 84 14 42 14x2 84 14 28 14 56 14 42 112 14 56 28 14x5 70 84x2 14x2 266 14x2 28 14x2 56 14 238 56 140 294 56 84x2 56 14 28 14x2 70 112 14 70 14x2 112 14x2 84 56 84 14 42 98 14x2 98 14x2 196 28 14 42 14 28x2 210 28 56 14 28 98 196 14 140 42 140 70 84 140 56x2 84 98 14 238 56 14 126 14 112 14 84 140 14x2 196 364 14 210 14 154 14 70 112 322 14 56x2 420 98 56 140 266 70 84 28 70 112 14 168 70 14 140 70 98 28 70 14 70 14x2 112 196 28 112 42 84 154 56 14 28 70 336 42x3 84 70 280 154 70 14 70 154 14 378 84 154 196 56 112 14x2 98 42 56 210 56 14 126 252 42 14 98 112 266 112 56 84x2 154x2 238 70 14 112 126 364 294 238 14 210x2 56 112 14 112x2 210 140 364 322 84 14 224 98x2 336 140 364 56 98 350 70 42 70 84x2 42 210 196x3 238 210x2 196 210 196 210 252 224 210 266 196x3 42 196 294 196x2 266 196 224 196x2 266 196 210 196 238 196 224 294 196 238 210 196x5 252 266x2 196x2 84 196x2 210 196x2 238 196 420 238 322 112 238 266x2 238 196 210 196x2 252 294 196 252 196x2 294 196x2 266 238 266 196 224 280 196x2 280 196x2 14 210 196 224 196 210x2 28 210 238 196 210 280 14 196 322 224 322 252 266 322 238x2 266 280 196 56 238 196 308 196 294 196 266 322 196x2 14 546 196 28 196 336 196 252 294 140 196 238x3 280 238 322 84 252 266 210 252 294 196 350 252 196 322 252 280 210 252 196 252 196x2 294 14 210 294 224 266 336 238 196 210 252 154 224x3 266 252 98 336 252 196 252 336 196 560 266 336 14 238 294 196x2 280 224 238 28 238 196 308 70 224 196 280 294 84 294 238 266x2 336x2 56 252 196 294 308 546 112 56 196 28x2 238 294 196 294x2 28 322 546 140 266 196 42 280x2 518 322 546 238 280 532 252 224 252 266x2 224 </values> </instantiation>

d WRONG DECISIONS 145
d NUMBER OF SOLUTIONS 1
d BOUND 182
d COMPLETE EXPLORATION

c real time : 1.39

  * Solved by Ace in     5.97 seconds

  NB: use the solver option v, as in -solver=[choco,v] or -solver=[ace,v] to see directly the output of the solver.

<instantiation type="solution optimal" cost="182">
  <list> freq_emi[] freq_rec[] </list>
  <values> 28 14x3 56 28x2 14 28 14 28 70 42 28 84 14x3 224 14 112 14x2 84 14 42 14x2 84 14 28 14 56 14 42 112 14 56 28 14x5 70 84x2 14x2 266 14x2 28 14x2 56 14 238 56 140 294 56 84x2 56 14 28 14x2 70 112 14 70 14x2 112 14x2 84 56 84 14 42 98 14x2 98 14x2 196 28 14 42 14 28x2 210 28 56 14 28 98 196 14 140 42 140 70 84 140 56x2 84 98 14 238 56 14 126 14 112 14 84 140 14x2 196 364 14 210 14 154 14 70 112 322 14 56x2 420 98 56 140 266 70 84 28 70 112 14 168 70 14 140 70 98 28 70 14 70 14x2 112 196 28 112 42 84 154 56 14 28 70 336 42x3 84 70 280 154 70 14 70 154 14 378 84 154 196 56 112 14x2 98 42 56 210 56 14 126 252 42 14 98 112 266 112 56 84x2 154x2 238 70 14 112 126 364 294 238 14 210x2 56 112 14 112x2 210 140 364 322 84 14 224 98x2 336 140 364 56 98 350 70 42 70 84x2 42 210 196x3 238 210x2 196 210 196 210 252 224 210 266 196x3 42 196 294 196x2 266 196 224 196x2 266 196 210 196 238 196 224 294 196 238 210 196x5 252 266x2 196x2 84 196x2 210 196x2 238 196 420 238 322 112 238 266x2 238 196 210 196x2 252 294 196 252 196x2 294 196x2 266 238 266 196 224 280 196x2 280 196x2 14 210 196 224 196 210x2 28 210 238 196 210 280 14 196 322 224 322 252 266 322 238x2 266 280 196 56 238 196 308 196 294 196 266 322 196x2 14 546 196 28 196 336 196 252 294 140 196 238x3 280 238 322 84 252 266 210 252 294 196 350 252 196 322 252 280 210 252 196 252 196x2 294 14 210 294 224 266 336 238 196 210 252 154 224x3 266 252 98 336 252 196 252 336 196 560 266 336 14 238 294 196x2 280 224 238 28 238 196 308 70 224 196 280 294 84 294 238 266x2 336x2 56 252 196 294 308 546 112 56 196 28x2 238 294 196 294x2 28 322 546 140 266 196 42 280x2 518 322 546 238 280 532 252 224 252 266x2 224 </values>
</instantiation>
