  PyCSP3 (Python:3.7.9, Path:C:\Users\HASEE\AppData\Local\Packages\PythonSoftwareFoundation.Python.3.7_qbz5n2kfra8p0\LocalCache\local-packages\Python37\site-packages\pycsp3\compiler.py)

  * Generating the file essai_cop_mod2-band-reformulate_celar_250_25_15_5_0.xml completed in     0.36 seconds.


  * Solving by Ace in progress ... 
    with command:  java -jar C:\Users\HASEE\AppData\Local\Packages\PythonSoftwareFoundation.Python.3.7_qbz5n2kfra8p0\LocalCache\local-packages\Python37\site-packages\pycsp3\solvers\abscon\ACE-21-05.jar essai_cop_mod2-band-reformulate_celar_250_25_15_5_0.xml  -v=1 -npc
  * Log file of the solver: C:\Users\HASEE\Desktop\Projet MRO\données-reformulées-cop\ACE\Band\solver_0xe094673501fa_1752_0.log

ACE (AbsCon Essence) v21.05 

  Instance essai_cop_mod2-band-reformulate_celar_250_25_15_5_0

  Loading variables...
  Loading constraints...

  Domains
    nTypes=429  nValues=23271  sizes=[40#40,41#37,42#27,43#34...50#40,51#40,52#56,103#1]
  Variables
    count=501  nAux=1  degrees=[3#19,4#114,5#18,6#128...16#2,17#4,21#2,23#2]
  Constraints
    count=1544  nSpecific=1543  arities=[1#2,2#1516,3#1,6#1...22#6,26#3,28#4,32#1]
    distribution=[DistEQ2#250,DistGE2#1204,Intension#1,NValuesCstLE#25,SubEQ2#62]
    nIntStructures=(1,shared:0)
    wck=5.02  cpu=1.156  mem=9M945
  Objective
    way=min  type=ObjVarLE  bounds=-714..714

  Building solver... 

  Solver
    guaranteedGAC=false
    wck=5.07  cpu=1.203  mem=12M836

  Preprocessing
    eff=379  revisions=(3,useless=2)  nValues=20649  nACremovedValues=2622  inconsistency=false
    wck=0.015  cpu=1.218  mem=12M926

o 182  5.10
    run=0  dpt=210..500  eff=1830  wrg=4  wck=0.03  ngd=4  bnds=-714..181
    run=1  dpt=209..219  eff=3638  wrg=114  wck=0.05  ngd=5  bnds=-714..181
    run=2  dpt=0..0  eff=3892  wrg=140  wck=0.05  ngd=5  bnds=182..181

  Global
    eff=3892  revisions=(387,useless=66)  nogoods=5
    Stop=FULL_EXPLORATION  wrong=140  bestBound=182  bestBoundWck=5.098  bestBoundCpu=1.234  foundSolutions=1  firstSolCpu=1.234
    wck=5.11  cpu=1.25  mem=11M549


  Solution 1 in JSON format:
   {
    freq_emi: [14, 14, 14, 56, 14, 14, 14, 14, 14, 14, 14, 42, 14, 56, 98, 14, 28, 14, 28, 14, 14, 42, 14, 14, 14, 210, 56, 14, 14, 14, 14, 14, 14, 14, 14, 28, 196, 14, 56, 42, 14, 28, 56, 42, 56, 14, 14, 112, 14, 70, 14, 84, 224, 210, 14, 70, 14, 14, 126, 14, 84, 14, 70, 70, 56, 98, 14, 112, 28, 70, 14, 14, 98, 14, 42, 112, 126, 14, 56, 70, 42, 42, 70, 14, 56, 98, 42, 14, 14, 28, 56, 406, 84, 14, 224, 14, 14, 14, 70, 84, 56, 14, 98, 70, 84, 112, 56, 14, 14, 56, 112, 84, 140, 56, 84, 126, 196, 56, 112, 14, 70, 70, 14, 224, 56, 588, 112, 14, 14, 14, 126, 70, 112, 14, 14, 98, 126, 14, 112, 84, 14, 14, 70, 238, 84, 84, 14, 14, 98, 14, 294, 70, 70, 14, 42, 224, 336, 28, 70, 98, 70, 56, 14, 154, 84, 84, 140, 112, 14, 196, 14, 70, 70, 336, 98, 238, 322, 84, 112, 14, 14, 14, 56, 14, 196, 84, 28, 14, 98, 56, 588, 98, 322, 14, 280, 14, 112, 42, 98, 14, 294, 224, 168, 588, 140, 112, 294, 56, 154, 70, 84, 70, 140, 84, 336, 14, 70, 238, 14, 42, 266, 14, 518, 238, 70, 84, 70, 14, 126, 42, 98, 252, 14, 14, 98, 140, 378, 14, 14, 84, 140, 42, 14, 84, 266, 14, 14, 84, 42, 84],
    freq_rec: [196, 196, 196, 238, 196, 196, 196, 196, 196, 196, 196, 224, 196, 238, 280, 196, 210, 196, 210, 196, 196, 224, 196, 196, 196, 28, 238, 196, 196, 196, 196, 196, 196, 196, 196, 210, 14, 196, 238, 224, 196, 210, 238, 224, 238, 196, 196, 294, 196, 252, 196, 266, 42, 28, 196, 252, 196, 196, 308, 196, 266, 196, 252, 252, 238, 280, 196, 294, 210, 252, 196, 196, 280, 196, 224, 294, 308, 196, 238, 252, 224, 224, 252, 196, 238, 280, 224, 196, 196, 210, 238, 588, 266, 196, 42, 196, 196, 196, 252, 266, 238, 196, 280, 252, 266, 294, 238, 196, 196, 238, 294, 266, 322, 238, 266, 308, 14, 238, 294, 196, 252, 252, 196, 42, 238, 406, 294, 196, 196, 196, 308, 252, 294, 196, 196, 280, 308, 196, 294, 266, 196, 196, 252, 56, 266, 266, 196, 196, 280, 196, 112, 252, 252, 196, 224, 42, 518, 210, 252, 280, 252, 238, 196, 336, 266, 266, 322, 294, 196, 14, 196, 252, 252, 518, 280, 56, 140, 266, 294, 196, 196, 196, 238, 196, 14, 266, 210, 196, 280, 238, 406, 280, 140, 196, 98, 196, 294, 224, 280, 196, 112, 42, 350, 406, 322, 294, 112, 238, 336, 252, 266, 252, 322, 266, 518, 196, 252, 56, 196, 224, 84, 196, 336, 56, 252, 266, 252, 196, 308, 224, 280, 70, 196, 196, 280, 322, 560, 196, 196, 266, 322, 224, 196, 266, 84, 196, 196, 266, 224, 266]
   }

s OPTIMUM FOUND

v <instantiation id='sol1' type='solution' cost='182'> <list> freq_emi[] freq_rec[] </list> <values> 14x3 56 14x7 42 14 56 98 14 28 14 28 14x2 42 14x3 210 56 14x8 28 196 14 56 42 14 28 56 42 56 14x2 112 14 70 14 84 224 210 14 70 14x2 126 14 84 14 70x2 56 98 14 112 28 70 14x2 98 14 42 112 126 14 56 70 42x2 70 14 56 98 42 14x2 28 56 406 84 14 224 14x3 70 84 56 14 98 70 84 112 56 14x2 56 112 84 140 56 84 126 196 56 112 14 70x2 14 224 56 588 112 14x3 126 70 112 14x2 98 126 14 112 84 14x2 70 238 84x2 14x2 98 14 294 70x2 14 42 224 336 28 70 98 70 56 14 154 84x2 140 112 14 196 14 70x2 336 98 238 322 84 112 14x3 56 14 196 84 28 14 98 56 588 98 322 14 280 14 112 42 98 14 294 224 168 588 140 112 294 56 154 70 84 70 140 84 336 14 70 238 14 42 266 14 518 238 70 84 70 14 126 42 98 252 14x2 98 140 378 14x2 84 140 42 14 84 266 14x2 84 42 84 196x3 238 196x7 224 196 238 280 196 210 196 210 196x2 224 196x3 28 238 196x8 210 14 196 238 224 196 210 238 224 238 196x2 294 196 252 196 266 42 28 196 252 196x2 308 196 266 196 252x2 238 280 196 294 210 252 196x2 280 196 224 294 308 196 238 252 224x2 252 196 238 280 224 196x2 210 238 588 266 196 42 196x3 252 266 238 196 280 252 266 294 238 196x2 238 294 266 322 238 266 308 14 238 294 196 252x2 196 42 238 406 294 196x3 308 252 294 196x2 280 308 196 294 266 196x2 252 56 266x2 196x2 280 196 112 252x2 196 224 42 518 210 252 280 252 238 196 336 266x2 322 294 196 14 196 252x2 518 280 56 140 266 294 196x3 238 196 14 266 210 196 280 238 406 280 140 196 98 196 294 224 280 196 112 42 350 406 322 294 112 238 336 252 266 252 322 266 518 196 252 56 196 224 84 196 336 56 252 266 252 196 308 224 280 70 196x2 280 322 560 196x2 266 322 224 196 266 84 196x2 266 224 266 </values> </instantiation>

d WRONG DECISIONS 140
d NUMBER OF SOLUTIONS 1
d BOUND 182
d COMPLETE EXPLORATION

c real time : 1.25

  * Solved by Ace in     5.90 seconds

  NB: use the solver option v, as in -solver=[choco,v] or -solver=[ace,v] to see directly the output of the solver.

<instantiation type="solution optimal" cost="182">
  <list> freq_emi[] freq_rec[] </list>
  <values> 14x3 56 14x7 42 14 56 98 14 28 14 28 14x2 42 14x3 210 56 14x8 28 196 14 56 42 14 28 56 42 56 14x2 112 14 70 14 84 224 210 14 70 14x2 126 14 84 14 70x2 56 98 14 112 28 70 14x2 98 14 42 112 126 14 56 70 42x2 70 14 56 98 42 14x2 28 56 406 84 14 224 14x3 70 84 56 14 98 70 84 112 56 14x2 56 112 84 140 56 84 126 196 56 112 14 70x2 14 224 56 588 112 14x3 126 70 112 14x2 98 126 14 112 84 14x2 70 238 84x2 14x2 98 14 294 70x2 14 42 224 336 28 70 98 70 56 14 154 84x2 140 112 14 196 14 70x2 336 98 238 322 84 112 14x3 56 14 196 84 28 14 98 56 588 98 322 14 280 14 112 42 98 14 294 224 168 588 140 112 294 56 154 70 84 70 140 84 336 14 70 238 14 42 266 14 518 238 70 84 70 14 126 42 98 252 14x2 98 140 378 14x2 84 140 42 14 84 266 14x2 84 42 84 196x3 238 196x7 224 196 238 280 196 210 196 210 196x2 224 196x3 28 238 196x8 210 14 196 238 224 196 210 238 224 238 196x2 294 196 252 196 266 42 28 196 252 196x2 308 196 266 196 252x2 238 280 196 294 210 252 196x2 280 196 224 294 308 196 238 252 224x2 252 196 238 280 224 196x2 210 238 588 266 196 42 196x3 252 266 238 196 280 252 266 294 238 196x2 238 294 266 322 238 266 308 14 238 294 196 252x2 196 42 238 406 294 196x3 308 252 294 196x2 280 308 196 294 266 196x2 252 56 266x2 196x2 280 196 112 252x2 196 224 42 518 210 252 280 252 238 196 336 266x2 322 294 196 14 196 252x2 518 280 56 140 266 294 196x3 238 196 14 266 210 196 280 238 406 280 140 196 98 196 294 224 280 196 112 42 350 406 322 294 112 238 336 252 266 252 322 266 518 196 252 56 196 224 84 196 336 56 252 266 252 196 308 224 280 70 196x2 280 322 560 196x2 266 322 224 196 266 84 196x2 266 224 266 </values>
</instantiation>
