  PyCSP3 (Python:3.7.9, Path:C:\Users\HASEE\AppData\Local\Packages\PythonSoftwareFoundation.Python.3.7_qbz5n2kfra8p0\LocalCache\local-packages\Python37\site-packages\pycsp3\compiler.py)

  * Generating the file essai_cop_mod2-band-reformulate_celar_500_30_20_5_0.xml completed in     0.78 seconds.


  * Solving by Ace in progress ... 
    with command:  java -jar C:\Users\HASEE\AppData\Local\Packages\PythonSoftwareFoundation.Python.3.7_qbz5n2kfra8p0\LocalCache\local-packages\Python37\site-packages\pycsp3\solvers\abscon\ACE-21-05.jar essai_cop_mod2-band-reformulate_celar_500_30_20_5_0.xml  -v=1 -npc
  * Log file of the solver: C:\Users\HASEE\Desktop\Projet MRO\données-reformulées-cop\ACE\Band\solver_0xe094673501fa_13188_0.log

ACE (AbsCon Essence) v21.05 

  Instance essai_cop_mod2-band-reformulate_celar_500_30_20_5_0

  Loading variables...
  Loading constraints...

  Domains
    nTypes=878  nValues=46268  sizes=[40#81,41#78,42#72,43#61...50#82,51#75,52#82,103#1]
  Variables
    count=1001  nAux=1  degrees=[3#29,4#218,5#56,6#188...21#2,22#2,24#4,26#2]
  Constraints
    count=3287  nSpecific=3286  arities=[1#2,2#3254,3#1,20#2...36#4,38#3,40#5,42#2]
    distribution=[DistEQ2#500,DistGE2#2600,Intension#1,NValuesCstLE#30,SubEQ2#154]
    nIntStructures=(1,shared:0)
    wck=5.19  cpu=1.468  mem=11M678
  Objective
    way=min  type=ObjVarLE  bounds=-714..714

  Building solver... 

  Solver
    guaranteedGAC=false
    wck=5.24  cpu=1.515  mem=15M650

  Preprocessing
    eff=886  revisions=(3,useless=2)  nValues=40311  nACremovedValues=5957  inconsistency=false
    wck=0.031  cpu=1.546  mem=15M901

o 182  5.30
    run=0  dpt=-1..1000  eff=4120  wrg=0  wck=0.06  bnds=-714..181
    run=1  dpt=422..425  eff=7694  wrg=103  wck=0.11  ngd=17  bnds=-714..181
    run=2  dpt=0..0  eff=7980  wrg=142  wck=0.11  ngd=17  bnds=182..181

  Global
    eff=7980  revisions=(402,useless=79)  nogoods=17
    Stop=FULL_EXPLORATION  wrong=142  bestBound=182  bestBoundWck=5.299  bestBoundCpu=1.578  foundSolutions=1  firstSolCpu=1.578
    wck=5.35  cpu=1.625  mem=14M786

s OPTIMUM FOUND

v <instantiation id='sol1' type='solution' cost='182'> <list> freq_emi[] freq_rec[] </list> <values> 28x2 14x3 98 28 14 28 14x5 28 14x8 56 14 56 28 14 70 14 28x2 14 28 14 28 14 56 14x2 70 42 28 14 42x2 14x2 70 84 14x2 84 14x2 84 98 14 28 14x2 70 56 70 14 56 14x2 196 14 70 56 14x2 70 14x2 210 14x3 112 126 84 14x2 84x2 14 70 28x2 14 266 14x2 56 14 70 56 98 14 112 14x3 56 14x2 84 210 14x2 336x2 112 84 14x2 98 14 42 98 42 56 14 28 252 14 70 28 336 98 84 42 210 140 14 42 84 70 266 14 98 196 28 14 98 84 14x4 56 112 14x3 28 196 140x2 196 252 56 42 84 28x2 42 70 42 14x2 56x2 336 56 14 84 28x2 280 70 140 56 98x2 14x3 84x2 42 14x3 98 238 56 280 126 168 350 42 112 56 14x3 84 14 196 14 112 140 294 42 56 14 196 56 14 56 140 98 14x2 224 98 70 140 14 70 42 70 14 112 14 112 56 98 84 42 56 98 28 14 252 84 42 70 28 294 98 266 28 14x3 42 154 70 28 154 56 70 84 14 126 84 364 196 14 126 154 98 56 98 14 28 14 238x2 70 14 70 14 322 70 14 112 294 42 14 350 70 350 98 56 14x2 42 98 112 196 14x2 266 14 84 14 70 336 14 42 56x2 532 252 14 42x2 98 126 98 126x2 14 98 28 126 168 14 84 280 70 42 70 14 70 84 112 14 70 140 56 196 112 420 14x2 84 140 70 406 126 112 392 56 14 42 140 14 98 70 56 252 14 154 98 70x2 154 336 140 98 364 56 84 42 70 84 42 84x2 42 14 70 126 14 126 14x2 154 280 112 70 84 28 266 308 14 392 280 140 14 350 140x2 196 70 14 392 140 70 112 126 84 602 14x2 126 56 84 196 98 126 322 42 112 14 280 56 70 98 112 210 112 14 266 280 42 98 112 70 56 112 266 224 266 252 140 98 112 140 434 28 98 112 14 350 154 28 210 266 322 196 280 56 308 28 42 70 14x2 98 238 518 56 378 56 112 126 336 14 140 70 28 210 154 98 56 70 238 70 14 238 266 56 210x2 196x3 280 210 196 210 196x5 210 196x8 238 196 238 210 196 252 196 210x2 196 210 196 210 196 238 196x2 252 224 210 196 224x2 196x2 252 266 196x2 266 196x2 266 280 196 210 196x2 252 238 252 196 238 196x2 14 196 252 238 196x2 252 196x2 28 196x3 294 308 266 196x2 266x2 196 252 210x2 196 84 196x2 238 196 252 238 280 196 294 196x3 238 196x2 266 28 196x2 518 154 294 266 196x2 280 196 224 280 224 238 196 210 70 196 252 210 518 280 266 224 28 322 196 224 266 252 84 196 280 14 210 196 280 266 196x4 238 294 196x3 210 14 322x2 14 70 238 224 266 210x2 224 252 224 196x2 238x2 154 238 196 266 210x2 98 252 322 238 280x2 196x3 266x2 224 196x3 280 56 238 98 308 350 168 224 294 238 196x3 266 196 14 196 294 322 112 224 238 196 14 238 196 238 322 280 196x2 42 280 252 322 196 252 224 252 196 294 196 294 238 280 266 224 238 280 210 196 70 266 224 252 210 112 280 84 210 196x3 224 336 252 210 336 238 252 266 196 308 266 546 14 196 308 336 280 238 280 196 210 196 56x2 252 196 252 196 140 252 196 294 112 224 196 532 252 168 280 238 196x2 224 280 294 14 196x2 84 196 266 196 252 518 196 224 238x2 350 70 196 224x2 280 308 280 308x2 196 280 210 308 350 196 266 98 252 224 252 196 252 266 294 196 252 322 238 14 294 602 196x2 266 322 252 588 308 294 574 238 196 224 322 196 280 252 238 70 196 336 280 252x2 336 518 322 280 546 238 266 224 252 266 224 266x2 224 196 252 308 196 308 196x2 336 98 294 252 266 210 84 126 196 574 98 322 196 532 322x2 14 252 196 574 322 252 294 308 266 420 196x2 308 238 266 14 280 308 140 224 294 196 98 238 252 280 294 28 294 196 84 98 224 280 294 252 238 294 84 42 84 70 322 280 294 322 616 210 280 294 196 532 336 210 28 84 140 14 98 238 126 210 224 252 196x2 280 56 336 238 560 238 294 308 154 196 322 252 210 28 336 280 238 252 56 252 196 56 84 238 </values> </instantiation>

d WRONG DECISIONS 142
d NUMBER OF SOLUTIONS 1
d BOUND 182
d COMPLETE EXPLORATION

c real time : 1.625

  * Solved by Ace in     6.29 seconds

  NB: use the solver option v, as in -solver=[choco,v] or -solver=[ace,v] to see directly the output of the solver.

<instantiation type="solution optimal" cost="182">
  <list> freq_emi[] freq_rec[] </list>
  <values> 28x2 14x3 98 28 14 28 14x5 28 14x8 56 14 56 28 14 70 14 28x2 14 28 14 28 14 56 14x2 70 42 28 14 42x2 14x2 70 84 14x2 84 14x2 84 98 14 28 14x2 70 56 70 14 56 14x2 196 14 70 56 14x2 70 14x2 210 14x3 112 126 84 14x2 84x2 14 70 28x2 14 266 14x2 56 14 70 56 98 14 112 14x3 56 14x2 84 210 14x2 336x2 112 84 14x2 98 14 42 98 42 56 14 28 252 14 70 28 336 98 84 42 210 140 14 42 84 70 266 14 98 196 28 14 98 84 14x4 56 112 14x3 28 196 140x2 196 252 56 42 84 28x2 42 70 42 14x2 56x2 336 56 14 84 28x2 280 70 140 56 98x2 14x3 84x2 42 14x3 98 238 56 280 126 168 350 42 112 56 14x3 84 14 196 14 112 140 294 42 56 14 196 56 14 56 140 98 14x2 224 98 70 140 14 70 42 70 14 112 14 112 56 98 84 42 56 98 28 14 252 84 42 70 28 294 98 266 28 14x3 42 154 70 28 154 56 70 84 14 126 84 364 196 14 126 154 98 56 98 14 28 14 238x2 70 14 70 14 322 70 14 112 294 42 14 350 70 350 98 56 14x2 42 98 112 196 14x2 266 14 84 14 70 336 14 42 56x2 532 252 14 42x2 98 126 98 126x2 14 98 28 126 168 14 84 280 70 42 70 14 70 84 112 14 70 140 56 196 112 420 14x2 84 140 70 406 126 112 392 56 14 42 140 14 98 70 56 252 14 154 98 70x2 154 336 140 98 364 56 84 42 70 84 42 84x2 42 14 70 126 14 126 14x2 154 280 112 70 84 28 266 308 14 392 280 140 14 350 140x2 196 70 14 392 140 70 112 126 84 602 14x2 126 56 84 196 98 126 322 42 112 14 280 56 70 98 112 210 112 14 266 280 42 98 112 70 56 112 266 224 266 252 140 98 112 140 434 28 98 112 14 350 154 28 210 266 322 196 280 56 308 28 42 70 14x2 98 238 518 56 378 56 112 126 336 14 140 70 28 210 154 98 56 70 238 70 14 238 266 56 210x2 196x3 280 210 196 210 196x5 210 196x8 238 196 238 210 196 252 196 210x2 196 210 196 210 196 238 196x2 252 224 210 196 224x2 196x2 252 266 196x2 266 196x2 266 280 196 210 196x2 252 238 252 196 238 196x2 14 196 252 238 196x2 252 196x2 28 196x3 294 308 266 196x2 266x2 196 252 210x2 196 84 196x2 238 196 252 238 280 196 294 196x3 238 196x2 266 28 196x2 518 154 294 266 196x2 280 196 224 280 224 238 196 210 70 196 252 210 518 280 266 224 28 322 196 224 266 252 84 196 280 14 210 196 280 266 196x4 238 294 196x3 210 14 322x2 14 70 238 224 266 210x2 224 252 224 196x2 238x2 154 238 196 266 210x2 98 252 322 238 280x2 196x3 266x2 224 196x3 280 56 238 98 308 350 168 224 294 238 196x3 266 196 14 196 294 322 112 224 238 196 14 238 196 238 322 280 196x2 42 280 252 322 196 252 224 252 196 294 196 294 238 280 266 224 238 280 210 196 70 266 224 252 210 112 280 84 210 196x3 224 336 252 210 336 238 252 266 196 308 266 546 14 196 308 336 280 238 280 196 210 196 56x2 252 196 252 196 140 252 196 294 112 224 196 532 252 168 280 238 196x2 224 280 294 14 196x2 84 196 266 196 252 518 196 224 238x2 350 70 196 224x2 280 308 280 308x2 196 280 210 308 350 196 266 98 252 224 252 196 252 266 294 196 252 322 238 14 294 602 196x2 266 322 252 588 308 294 574 238 196 224 322 196 280 252 238 70 196 336 280 252x2 336 518 322 280 546 238 266 224 252 266 224 266x2 224 196 252 308 196 308 196x2 336 98 294 252 266 210 84 126 196 574 98 322 196 532 322x2 14 252 196 574 322 252 294 308 266 420 196x2 308 238 266 14 280 308 140 224 294 196 98 238 252 280 294 28 294 196 84 98 224 280 294 252 238 294 84 42 84 70 322 280 294 322 616 210 280 294 196 532 336 210 28 84 140 14 98 238 126 210 224 252 196x2 280 56 336 238 560 238 294 308 154 196 322 252 210 28 336 280 238 252 56 252 196 56 84 238 </values>
</instantiation>
