  PyCSP3 (Python:3.7.9, Path:C:\Users\HASEE\AppData\Local\Packages\PythonSoftwareFoundation.Python.3.7_qbz5n2kfra8p0\LocalCache\local-packages\Python37\site-packages\pycsp3\compiler.py)

  * Generating the file essai_cop_mod2-band-reformulate_celar_250_25_15_5_0.xml completed in     0.37 seconds.


  * Solving by Ace in progress ... 
    with command:  java -jar C:\Users\HASEE\AppData\Local\Packages\PythonSoftwareFoundation.Python.3.7_qbz5n2kfra8p0\LocalCache\local-packages\Python37\site-packages\pycsp3\solvers\abscon\ACE-21-05.jar essai_cop_mod2-band-reformulate_celar_250_25_15_5_0.xml  -v=1 -npc
  * Log file of the solver: C:\Users\HASEE\Desktop\Projet MRO\données-reformulées-cop\ACE\Band\solver_0xe094673501fa_8596_0.log

ACE (AbsCon Essence) v21.05 

  Instance essai_cop_mod2-band-reformulate_celar_250_25_15_5_0

  Loading variables...
  Loading constraints...

  Domains
    nTypes=449  nValues=23190  sizes=[40#32,41#43,42#37,43#35...50#40,51#50,52#37,101#1]
  Variables
    count=501  nAux=1  degrees=[3#15,4#106,5#28,6#130...14#18,15#2,17#2,18#2]
  Constraints
    count=1538  nSpecific=1537  arities=[1#2,2#1510,3#1,4#1...26#3,28#4,30#2,32#1]
    distribution=[DistEQ2#250,DistGE2#1208,Intension#1,NValuesCstLE#25,SubEQ2#52]
    nIntStructures=(1,shared:0)
    wck=5.00  cpu=1.203  mem=10M306
  Objective
    way=min  type=ObjVarLE  bounds=-686..714

  Building solver... 

  Solver
    guaranteedGAC=false
    wck=5.05  cpu=1.25  mem=13M214

  Preprocessing
    eff=357  revisions=(3,useless=2)  nValues=20604  nACremovedValues=2586  inconsistency=false
    wck=0.032  cpu=1.281  mem=13M304

o 182  5.10
    run=0  dpt=148..500  eff=1818  wrg=6  wck=0.05  ngd=6  bnds=-686..181
    run=1  dpt=212..224  eff=3639  wrg=118  wck=0.06  ngd=11  bnds=-686..181
    run=2  dpt=0..0  eff=3907  wrg=145  wck=0.06  ngd=11  bnds=182..181

  Global
    eff=3907  revisions=(415,useless=73)  nogoods=11
    Stop=FULL_EXPLORATION  wrong=145  bestBound=182  bestBoundWck=5.098  bestBoundCpu=1.296  foundSolutions=1  firstSolCpu=1.296
    wck=5.11  cpu=1.312  mem=11M962


  Solution 1 in JSON format:
   {
    freq_emi: [14, 14, 14, 14, 14, 14, 42, 14, 14, 14, 14, 14, 28, 14, 14, 14, 14, 196, 14, 14, 28, 56, 14, 14, 14, 14, 14, 14, 28, 56, 14, 28, 28, 84, 14, 14, 84, 14, 70, 28, 14, 28, 42, 14, 14, 42, 14, 70, 28, 14, 70, 196, 70, 14, 56, 14, 70, 84, 14, 28, 56, 84, 70, 56, 14, 70, 84, 56, 14, 70, 14, 70, 56, 28, 70, 70, 14, 98, 112, 14, 140, 28, 14, 28, 42, 70, 14, 56, 42, 14, 14, 252, 56, 14, 70, 84, 196, 70, 140, 126, 14, 98, 196, 14, 14, 112, 14, 98, 28, 112, 140, 14, 42, 56, 14, 70, 14, 70, 42, 140, 98, 14, 308, 14, 56, 140, 56, 56, 126, 112, 14, 252, 336, 14, 98, 42, 14, 84, 378, 70, 126, 224, 56, 98, 84, 14, 70, 140, 112, 14, 56, 14, 56, 70, 84, 84, 196, 14, 238, 70, 238, 56, 84, 56, 238, 322, 14, 84, 56, 14, 70, 112, 70, 14, 14, 238, 56, 56, 238, 210, 126, 126, 70, 14, 56, 14, 266, 56, 154, 70, 70, 56, 56, 308, 14, 98, 14, 14, 56, 294, 518, 196, 56, 98, 70, 56, 112, 84, 112, 56, 112, 126, 84, 252, 56, 56, 126, 56, 126, 14, 14, 294, 28, 14, 98, 14, 350, 56, 238, 196, 112, 140, 28, 238, 112, 378, 14, 84, 56, 14, 84, 70, 28, 28, 14, 196, 154, 126, 56, 350],
    freq_rec: [196, 196, 196, 196, 196, 196, 224, 196, 196, 196, 196, 196, 210, 196, 196, 196, 196, 14, 196, 196, 210, 238, 196, 196, 196, 196, 196, 196, 210, 238, 196, 210, 210, 266, 196, 196, 266, 196, 252, 210, 196, 210, 224, 196, 196, 224, 196, 252, 210, 196, 252, 14, 252, 196, 238, 196, 252, 266, 196, 210, 238, 266, 252, 238, 196, 252, 266, 238, 196, 252, 196, 252, 238, 210, 252, 252, 196, 280, 294, 196, 322, 210, 196, 210, 224, 252, 196, 238, 224, 196, 196, 70, 238, 196, 252, 266, 14, 252, 322, 308, 196, 280, 14, 196, 196, 294, 196, 280, 210, 294, 322, 196, 224, 238, 196, 252, 196, 252, 224, 322, 280, 196, 126, 196, 238, 322, 238, 238, 308, 294, 196, 70, 518, 196, 280, 224, 196, 266, 560, 252, 308, 42, 238, 280, 266, 196, 252, 322, 294, 196, 238, 196, 238, 252, 266, 266, 14, 196, 56, 252, 56, 238, 266, 238, 56, 140, 196, 266, 238, 196, 252, 294, 252, 196, 196, 56, 238, 238, 56, 28, 308, 308, 252, 196, 238, 196, 84, 238, 336, 252, 252, 238, 238, 126, 196, 280, 196, 196, 238, 112, 336, 14, 238, 280, 252, 238, 294, 266, 294, 238, 294, 308, 266, 70, 238, 238, 308, 238, 308, 196, 196, 112, 210, 196, 280, 196, 532, 238, 56, 14, 294, 322, 210, 56, 294, 560, 196, 266, 238, 196, 266, 252, 210, 210, 196, 14, 336, 308, 238, 532]
   }

s OPTIMUM FOUND

v <instantiation id='sol1' type='solution' cost='182'> <list> freq_emi[] freq_rec[] </list> <values> 14x6 42 14x5 28 14x4 196 14x2 28 56 14x6 28 56 14 28x2 84 14x2 84 14 70 28 14 28 42 14x2 42 14 70 28 14 70 196 70 14 56 14 70 84 14 28 56 84 70 56 14 70 84 56 14 70 14 70 56 28 70x2 14 98 112 14 140 28 14 28 42 70 14 56 42 14x2 252 56 14 70 84 196 70 140 126 14 98 196 14x2 112 14 98 28 112 140 14 42 56 14 70 14 70 42 140 98 14 308 14 56 140 56x2 126 112 14 252 336 14 98 42 14 84 378 70 126 224 56 98 84 14 70 140 112 14 56 14 56 70 84x2 196 14 238 70 238 56 84 56 238 322 14 84 56 14 70 112 70 14x2 238 56x2 238 210 126x2 70 14 56 14 266 56 154 70x2 56x2 308 14 98 14x2 56 294 518 196 56 98 70 56 112 84 112 56 112 126 84 252 56x2 126 56 126 14x2 294 28 14 98 14 350 56 238 196 112 140 28 238 112 378 14 84 56 14 84 70 28x2 14 196 154 126 56 350 196x6 224 196x5 210 196x4 14 196x2 210 238 196x6 210 238 196 210x2 266 196x2 266 196 252 210 196 210 224 196x2 224 196 252 210 196 252 14 252 196 238 196 252 266 196 210 238 266 252 238 196 252 266 238 196 252 196 252 238 210 252x2 196 280 294 196 322 210 196 210 224 252 196 238 224 196x2 70 238 196 252 266 14 252 322 308 196 280 14 196x2 294 196 280 210 294 322 196 224 238 196 252 196 252 224 322 280 196 126 196 238 322 238x2 308 294 196 70 518 196 280 224 196 266 560 252 308 42 238 280 266 196 252 322 294 196 238 196 238 252 266x2 14 196 56 252 56 238 266 238 56 140 196 266 238 196 252 294 252 196x2 56 238x2 56 28 308x2 252 196 238 196 84 238 336 252x2 238x2 126 196 280 196x2 238 112 336 14 238 280 252 238 294 266 294 238 294 308 266 70 238x2 308 238 308 196x2 112 210 196 280 196 532 238 56 14 294 322 210 56 294 560 196 266 238 196 266 252 210x2 196 14 336 308 238 532 </values> </instantiation>

d WRONG DECISIONS 145
d NUMBER OF SOLUTIONS 1
d BOUND 182
d COMPLETE EXPLORATION

c real time : 1.312

  * Solved by Ace in     5.91 seconds

  NB: use the solver option v, as in -solver=[choco,v] or -solver=[ace,v] to see directly the output of the solver.

<instantiation type="solution optimal" cost="182">
  <list> freq_emi[] freq_rec[] </list>
  <values> 14x6 42 14x5 28 14x4 196 14x2 28 56 14x6 28 56 14 28x2 84 14x2 84 14 70 28 14 28 42 14x2 42 14 70 28 14 70 196 70 14 56 14 70 84 14 28 56 84 70 56 14 70 84 56 14 70 14 70 56 28 70x2 14 98 112 14 140 28 14 28 42 70 14 56 42 14x2 252 56 14 70 84 196 70 140 126 14 98 196 14x2 112 14 98 28 112 140 14 42 56 14 70 14 70 42 140 98 14 308 14 56 140 56x2 126 112 14 252 336 14 98 42 14 84 378 70 126 224 56 98 84 14 70 140 112 14 56 14 56 70 84x2 196 14 238 70 238 56 84 56 238 322 14 84 56 14 70 112 70 14x2 238 56x2 238 210 126x2 70 14 56 14 266 56 154 70x2 56x2 308 14 98 14x2 56 294 518 196 56 98 70 56 112 84 112 56 112 126 84 252 56x2 126 56 126 14x2 294 28 14 98 14 350 56 238 196 112 140 28 238 112 378 14 84 56 14 84 70 28x2 14 196 154 126 56 350 196x6 224 196x5 210 196x4 14 196x2 210 238 196x6 210 238 196 210x2 266 196x2 266 196 252 210 196 210 224 196x2 224 196 252 210 196 252 14 252 196 238 196 252 266 196 210 238 266 252 238 196 252 266 238 196 252 196 252 238 210 252x2 196 280 294 196 322 210 196 210 224 252 196 238 224 196x2 70 238 196 252 266 14 252 322 308 196 280 14 196x2 294 196 280 210 294 322 196 224 238 196 252 196 252 224 322 280 196 126 196 238 322 238x2 308 294 196 70 518 196 280 224 196 266 560 252 308 42 238 280 266 196 252 322 294 196 238 196 238 252 266x2 14 196 56 252 56 238 266 238 56 140 196 266 238 196 252 294 252 196x2 56 238x2 56 28 308x2 252 196 238 196 84 238 336 252x2 238x2 126 196 280 196x2 238 112 336 14 238 280 252 238 294 266 294 238 294 308 266 70 238x2 308 238 308 196x2 112 210 196 280 196 532 238 56 14 294 322 210 56 294 560 196 266 238 196 266 252 210x2 196 14 336 308 238 532 </values>
</instantiation>
