  PyCSP3 (Python:3.7.9, Path:C:\Users\HASEE\AppData\Local\Packages\PythonSoftwareFoundation.Python.3.7_qbz5n2kfra8p0\LocalCache\local-packages\Python37\site-packages\pycsp3\compiler.py)

  * Generating the file essai_cop_mod2-band-reformulate_celar_250_25_15_5_0.xml completed in     0.37 seconds.


  * Solving by Ace in progress ... 
    with command:  java -jar C:\Users\HASEE\AppData\Local\Packages\PythonSoftwareFoundation.Python.3.7_qbz5n2kfra8p0\LocalCache\local-packages\Python37\site-packages\pycsp3\solvers\abscon\ACE-21-05.jar essai_cop_mod2-band-reformulate_celar_250_25_15_5_0.xml  -v=1 -npc
  * Log file of the solver: C:\Users\HASEE\Desktop\Projet MRO\données-reformulées-cop\ACE\Band\solver_0xe094673501fa_3372_0.log

ACE (AbsCon Essence) v21.05 

  Instance essai_cop_mod2-band-reformulate_celar_250_25_15_5_0

  Loading variables...
  Loading constraints...

  Domains
    nTypes=451  nValues=23045  sizes=[40#40,41#41,42#33,43#47...50#31,51#20,52#48,103#1]
  Variables
    count=501  nAux=1  degrees=[3#9,4#128,5#26,6#128...18#2,19#2,24#2,26#2]
  Constraints
    count=1524  nSpecific=1523  arities=[1#2,2#1496,3#1,10#1...22#3,24#1,26#5,30#1]
    distribution=[DistEQ2#250,DistGE2#1184,Intension#1,NValuesCstLE#25,SubEQ2#62]
    nIntStructures=(1,shared:0)
    wck=5.01  cpu=1.296  mem=9M663
  Objective
    way=min  type=ObjVarLE  bounds=-714..714

  Building solver... 

  Solver
    guaranteedGAC=false
    wck=5.05  cpu=1.343  mem=12M467

  Preprocessing
    eff=366  revisions=(3,useless=2)  nValues=19800  nACremovedValues=3245  inconsistency=false
    wck=0.016  cpu=1.359  mem=12M648

    run=0  dpt=159..170  eff=2941  wrg=111  wck=0.03  ngd=1
o 266  5.10
    run=1  dpt=210..500  eff=4506  wrg=112  wck=0.05  ngd=2  bnds=-714..265
    run=2  dpt=215..224  eff=6414  wrg=221  wck=0.06  ngd=4  bnds=-714..265
    run=3  dpt=0..0  eff=6636  wrg=250  wck=0.06  ngd=4  bnds=266..265

  Global
    eff=6636  revisions=(408,useless=81)  nogoods=4
    Stop=FULL_EXPLORATION  wrong=250  bestBound=266  bestBoundWck=5.102  bestBoundCpu=1.39  foundSolutions=1  firstSolCpu=1.39
    wck=5.12  cpu=1.406  mem=11M735


  Solution 1 in JSON format:
   {
    freq_emi: [14, 14, 14, 14, 56, 14, 56, 14, 14, 322, 42, 14, 14, 84, 14, 14, 14, 14, 42, 42, 56, 42, 28, 14, 14, 14, 14, 14, 14, 98, 42, 14, 28, 14, 84, 98, 70, 308, 14, 28, 70, 14, 70, 14, 14, 154, 84, 98, 14, 14, 84, 28, 126, 126, 56, 14, 56, 70, 98, 56, 84, 14, 14, 14, 14, 84, 14, 280, 14, 14, 280, 28, 14, 14, 70, 154, 98, 70, 14, 14, 14, 70, 98, 350, 14, 308, 112, 14, 56, 14, 14, 420, 14, 14, 84, 28, 14, 14, 98, 126, 126, 56, 364, 280, 112, 126, 196, 14, 14, 70, 98, 42, 42, 28, 154, 126, 14, 14, 70, 210, 14, 84, 140, 42, 14, 336, 42, 14, 70, 392, 392, 392, 336, 70, 42, 14, 28, 84, 56, 56, 14, 56, 112, 42, 28, 42, 98, 336, 28, 280, 112, 14, 112, 98, 322, 378, 56, 154, 56, 14, 70, 84, 322, 56, 294, 42, 42, 56, 56, 28, 294, 154, 28, 14, 56, 140, 84, 14, 56, 126, 28, 14, 196, 28, 28, 84, 14, 14, 42, 126, 14, 28, 182, 98, 14, 350, 14, 14, 154, 84, 140, 14, 56, 112, 70, 154, 14, 84, 70, 140, 42, 84, 266, 98, 14, 14, 56, 196, 280, 56, 98, 462, 112, 14, 364, 70, 56, 28, 98, 14, 14, 280, 14, 196, 28, 126, 322, 98, 14, 70, 70, 70, 28, 336, 84, 140, 70, 154, 364, 140],
    freq_rec: [280, 280, 280, 280, 322, 280, 322, 280, 280, 56, 308, 280, 280, 350, 280, 280, 280, 280, 308, 308, 322, 308, 294, 280, 280, 280, 280, 280, 280, 364, 308, 280, 294, 280, 350, 364, 336, 42, 280, 294, 336, 280, 336, 280, 280, 420, 350, 364, 280, 280, 350, 294, 392, 392, 322, 280, 322, 336, 364, 322, 350, 280, 280, 280, 280, 350, 280, 14, 280, 280, 14, 294, 280, 280, 336, 420, 364, 336, 280, 280, 280, 336, 364, 84, 280, 42, 378, 280, 322, 280, 280, 154, 280, 280, 350, 294, 280, 280, 364, 392, 392, 322, 98, 14, 378, 392, 462, 280, 280, 336, 364, 308, 308, 294, 420, 392, 280, 280, 336, 476, 280, 350, 406, 308, 280, 70, 308, 280, 336, 126, 126, 126, 70, 336, 308, 280, 294, 350, 322, 322, 280, 322, 378, 308, 294, 308, 364, 70, 294, 14, 378, 280, 378, 364, 56, 112, 322, 420, 322, 280, 336, 350, 56, 322, 28, 308, 308, 322, 322, 294, 28, 420, 294, 280, 322, 406, 350, 280, 322, 392, 294, 280, 462, 294, 294, 350, 280, 280, 308, 392, 280, 294, 448, 364, 280, 84, 280, 280, 420, 350, 406, 280, 322, 378, 336, 420, 280, 350, 336, 406, 308, 350, 532, 364, 280, 280, 322, 462, 14, 322, 364, 196, 378, 280, 98, 336, 322, 294, 364, 280, 280, 14, 280, 462, 294, 392, 56, 364, 280, 336, 336, 336, 294, 70, 350, 406, 336, 420, 98, 406]
   }

s OPTIMUM FOUND

v <instantiation id='sol1' type='solution' cost='266'> <list> freq_emi[] freq_rec[] </list> <values> 14x4 56 14 56 14x2 322 42 14x2 84 14x4 42x2 56 42 28 14x6 98 42 14 28 14 84 98 70 308 14 28 70 14 70 14x2 154 84 98 14x2 84 28 126x2 56 14 56 70 98 56 84 14x4 84 14 280 14x2 280 28 14x2 70 154 98 70 14x3 70 98 350 14 308 112 14 56 14x2 420 14x2 84 28 14x2 98 126x2 56 364 280 112 126 196 14x2 70 98 42x2 28 154 126 14x2 70 210 14 84 140 42 14 336 42 14 70 392x3 336 70 42 14 28 84 56x2 14 56 112 42 28 42 98 336 28 280 112 14 112 98 322 378 56 154 56 14 70 84 322 56 294 42x2 56x2 28 294 154 28 14 56 140 84 14 56 126 28 14 196 28x2 84 14x2 42 126 14 28 182 98 14 350 14x2 154 84 140 14 56 112 70 154 14 84 70 140 42 84 266 98 14x2 56 196 280 56 98 462 112 14 364 70 56 28 98 14x2 280 14 196 28 126 322 98 14 70x3 28 336 84 140 70 154 364 140 280x4 322 280 322 280x2 56 308 280x2 350 280x4 308x2 322 308 294 280x6 364 308 280 294 280 350 364 336 42 280 294 336 280 336 280x2 420 350 364 280x2 350 294 392x2 322 280 322 336 364 322 350 280x4 350 280 14 280x2 14 294 280x2 336 420 364 336 280x3 336 364 84 280 42 378 280 322 280x2 154 280x2 350 294 280x2 364 392x2 322 98 14 378 392 462 280x2 336 364 308x2 294 420 392 280x2 336 476 280 350 406 308 280 70 308 280 336 126x3 70 336 308 280 294 350 322x2 280 322 378 308 294 308 364 70 294 14 378 280 378 364 56 112 322 420 322 280 336 350 56 322 28 308x2 322x2 294 28 420 294 280 322 406 350 280 322 392 294 280 462 294x2 350 280x2 308 392 280 294 448 364 280 84 280x2 420 350 406 280 322 378 336 420 280 350 336 406 308 350 532 364 280x2 322 462 14 322 364 196 378 280 98 336 322 294 364 280x2 14 280 462 294 392 56 364 280 336x3 294 70 350 406 336 420 98 406 </values> </instantiation>

d WRONG DECISIONS 250
d NUMBER OF SOLUTIONS 1
d BOUND 266
d COMPLETE EXPLORATION

c real time : 1.406

  * Solved by Ace in     5.94 seconds

  NB: use the solver option v, as in -solver=[choco,v] or -solver=[ace,v] to see directly the output of the solver.

<instantiation type="solution optimal" cost="266">
  <list> freq_emi[] freq_rec[] </list>
  <values> 14x4 56 14 56 14x2 322 42 14x2 84 14x4 42x2 56 42 28 14x6 98 42 14 28 14 84 98 70 308 14 28 70 14 70 14x2 154 84 98 14x2 84 28 126x2 56 14 56 70 98 56 84 14x4 84 14 280 14x2 280 28 14x2 70 154 98 70 14x3 70 98 350 14 308 112 14 56 14x2 420 14x2 84 28 14x2 98 126x2 56 364 280 112 126 196 14x2 70 98 42x2 28 154 126 14x2 70 210 14 84 140 42 14 336 42 14 70 392x3 336 70 42 14 28 84 56x2 14 56 112 42 28 42 98 336 28 280 112 14 112 98 322 378 56 154 56 14 70 84 322 56 294 42x2 56x2 28 294 154 28 14 56 140 84 14 56 126 28 14 196 28x2 84 14x2 42 126 14 28 182 98 14 350 14x2 154 84 140 14 56 112 70 154 14 84 70 140 42 84 266 98 14x2 56 196 280 56 98 462 112 14 364 70 56 28 98 14x2 280 14 196 28 126 322 98 14 70x3 28 336 84 140 70 154 364 140 280x4 322 280 322 280x2 56 308 280x2 350 280x4 308x2 322 308 294 280x6 364 308 280 294 280 350 364 336 42 280 294 336 280 336 280x2 420 350 364 280x2 350 294 392x2 322 280 322 336 364 322 350 280x4 350 280 14 280x2 14 294 280x2 336 420 364 336 280x3 336 364 84 280 42 378 280 322 280x2 154 280x2 350 294 280x2 364 392x2 322 98 14 378 392 462 280x2 336 364 308x2 294 420 392 280x2 336 476 280 350 406 308 280 70 308 280 336 126x3 70 336 308 280 294 350 322x2 280 322 378 308 294 308 364 70 294 14 378 280 378 364 56 112 322 420 322 280 336 350 56 322 28 308x2 322x2 294 28 420 294 280 322 406 350 280 322 392 294 280 462 294x2 350 280x2 308 392 280 294 448 364 280 84 280x2 420 350 406 280 322 378 336 420 280 350 336 406 308 350 532 364 280x2 322 462 14 322 364 196 378 280 98 336 322 294 364 280x2 14 280 462 294 392 56 364 280 336x3 294 70 350 406 336 420 98 406 </values>
</instantiation>
